2020-09-01T00:15:59.999Z 3  55.00234  13.15448 
2020-09-01T00:46:00.000Z 3  55.00232  13.15450 
2020-09-01T01:15:59.999Z 3  55.00231  13.15445 
2020-09-01T01:45:59.999Z 3  55.00238  13.15445 
2020-09-01T02:16:00.000Z 3  55.00239  13.15445 
2020-09-01T02:45:59.999Z 3  55.00244  13.15439 
2020-09-01T03:15:59.999Z 3  55.00247  13.15441 
2020-09-01T03:46:00.000Z 3  55.00242  13.15437 
2020-09-01T04:15:59.999Z 3  55.00240  13.15439 
2020-09-01T04:45:59.999Z 3  55.00248  13.15437 
2020-09-01T05:16:00.000Z 3  55.00241  13.15439 
2020-09-01T05:45:59.999Z 3  55.00243  13.15439 
2020-09-01T06:15:59.999Z 3  55.00240  13.15437 
2020-09-01T06:46:00.000Z 3  55.00244  13.15441 
2020-09-01T07:15:59.999Z 3  55.00242  13.15435 
2020-09-01T07:45:59.999Z 3  55.00242  13.15437 
2020-09-01T08:16:00.000Z 3  55.00244  13.15437 
2020-09-01T08:45:59.999Z 3  55.00246  13.15437 
2020-09-01T09:15:59.999Z 3  55.00241  13.15441 
2020-09-01T09:46:00.000Z 3  55.00243  13.15437 
2020-09-01T10:15:59.999Z 3  55.00239  13.15443 
2020-09-01T10:45:59.999Z 3  55.00239  13.15443 
2020-09-01T11:16:00.000Z 3  55.00238  13.15443 
2020-09-01T11:45:59.999Z 3  55.00240  13.15439 
2020-09-01T12:15:59.999Z 3  55.00245  13.15439 
2020-09-01T12:46:00.000Z 3  55.00247  13.15435 
2020-09-01T13:15:59.999Z 3  55.00243  13.15435 
2020-09-01T13:45:59.999Z 3  55.00247  13.15437 
2020-09-01T14:16:00.000Z 3  55.00253  13.15437 
2020-09-01T14:45:59.999Z 3  55.00247  13.15437 
2020-09-01T15:15:59.999Z 3  55.00246  13.15439 
2020-09-01T15:46:00.000Z 3  55.00246  13.15437 
2020-09-01T16:15:59.999Z 3  55.00246  13.15435 
2020-09-01T16:45:59.999Z 3  55.00244  13.15439 
2020-09-01T17:16:00.000Z 3  55.00241  13.15443 
2020-09-01T17:45:59.999Z 3  55.00239  13.15441 
2020-09-01T18:15:59.999Z 3  55.00238  13.15441 
2020-09-01T18:46:00.000Z 3  55.00238  13.15441 
2020-09-01T19:15:59.999Z 3  55.00239  13.15439 
2020-09-01T19:45:59.999Z 3  55.00230  13.15443 
2020-09-01T20:16:00.000Z 3  55.00241  13.15439 
2020-09-01T20:45:59.999Z 3  55.00240  13.15439 
2020-09-01T21:15:59.999Z 3  55.00238  13.15439 
2020-09-01T21:46:00.000Z 3  55.00231  13.15435 
2020-09-01T22:45:59.999Z 3  55.00245  13.15433 
2020-09-01T23:16:00.000Z 3  55.00244  13.15435 
2020-09-01T23:45:59.999Z 3  55.00244  13.15437 
2020-09-02T00:15:59.999Z 3  55.00238  13.15443 
2020-09-02T00:46:00.000Z 3  55.00235  13.15443 
2020-09-02T01:15:59.999Z 3  55.00238  13.15441 
2020-09-02T01:45:59.999Z 3  55.00237  13.15441 
2020-09-02T02:16:00.000Z 3  55.00239  13.15443 
2020-09-02T02:45:59.999Z 3  55.00238  13.15443 
2020-09-02T03:15:59.999Z 3  55.00237  13.15448 
2020-09-02T03:46:00.000Z 3  55.00237  13.15445 
2020-09-02T04:15:59.999Z 3  55.00240  13.15456 
2020-09-02T04:45:59.999Z 3  55.00233  13.15460 
2020-09-02T05:16:00.000Z 3  55.00230  13.15465 
2020-09-02T05:45:59.999Z 3  55.00232  13.15484 
2020-09-02T06:15:59.999Z 3  55.00232  13.15480 
2020-09-02T06:46:00.000Z 3  55.00235  13.15480 
2020-09-02T07:15:59.999Z 3  55.00232  13.15475 
2020-09-02T07:45:59.999Z 3  55.00232  13.15478 
2020-09-02T08:16:00.000Z 3  55.00225  13.15445 
2020-09-02T08:45:59.999Z 3  55.00231  13.15478 
2020-09-02T09:15:59.999Z 3  55.00231  13.15478 
2020-09-02T09:46:00.000Z 3  55.00232  13.15473 
2020-09-02T10:15:59.999Z 3  55.00230  13.15467 
2020-09-02T10:45:59.999Z 3  55.00231  13.15469 
2020-09-02T11:16:00.000Z 3  55.00229  13.15469 
2020-09-02T11:45:59.999Z 3  55.00231  13.15467 
2020-09-02T12:15:59.999Z 3  55.00217  13.15471 
2020-09-02T12:46:00.000Z 3  55.00237  13.15456 
2020-09-02T13:15:59.999Z 3  55.00233  13.15456 
2020-09-02T13:45:59.999Z 3  55.00234  13.15452 
2020-09-02T14:16:00.000Z 3  55.00230  13.15445 
2020-09-02T14:45:59.999Z 3  55.00232  13.15460 
2020-09-02T15:15:59.999Z 3  55.00229  13.15467 
2020-09-02T15:46:00.000Z 3  55.00234  13.15456 
2020-09-02T16:15:59.999Z 3  55.00235  13.15450 
2020-09-02T16:45:59.999Z 3  55.00237  13.15450 
2020-09-02T17:16:00.000Z 3  55.00232  13.15458 
2020-09-02T17:45:59.999Z 3  55.00232  13.15475 
2020-09-02T18:15:59.999Z 3  55.00237  13.15490 
2020-09-02T18:46:00.000Z 3  55.00249  13.15501 
2020-09-02T19:15:59.999Z 3  55.00243  13.15501 
2020-09-02T19:45:59.999Z 3  55.00242  13.15501 
2020-09-02T20:16:00.000Z 3  55.00242  13.15501 
2020-09-02T20:45:59.999Z 3  55.00242  13.15499 
2020-09-02T21:15:59.999Z 3  55.00241  13.15501 
2020-09-02T21:46:00.000Z 3  55.00243  13.15506 
2020-09-02T22:15:59.999Z 3  55.00240  13.15499 
2020-09-02T22:45:59.999Z 3  55.00240  13.15501 
2020-09-02T23:16:00.000Z 3  55.00239  13.15499 
2020-09-02T23:45:59.999Z 3  55.00243  13.15495 
2020-09-03T00:15:59.999Z 3  55.00237  13.15499 
2020-09-03T00:46:00.000Z 3  55.00240  13.15493 
2020-09-03T01:15:59.999Z 3  55.00237  13.15490 
2020-09-03T01:45:59.999Z 3  55.00243  13.15488 
2020-09-03T02:16:00.000Z 3  55.00242  13.15495 
2020-09-03T02:45:59.999Z 3  55.00237  13.15495 
2020-09-03T03:15:59.999Z 3  55.00234  13.15493 
2020-09-03T03:46:00.000Z 3  55.00235  13.15488 
2020-09-03T04:15:59.999Z 3  55.00231  13.15488 
2020-09-03T04:45:59.999Z 3  55.00233  13.15488 
2020-09-03T05:16:00.000Z 3  55.00253  13.15486 
2020-09-03T05:45:59.999Z 3  55.00233  13.15493 
2020-09-03T06:15:59.999Z 3  55.00238  13.15495 
2020-09-03T06:46:00.000Z 3  55.00238  13.15495 
2020-09-03T07:15:59.999Z 3  55.00239  13.15499 
2020-09-03T07:45:59.999Z 3  55.00246  13.15497 
2020-09-03T08:16:00.000Z 3  55.00240  13.15495 
2020-09-03T08:45:59.999Z 3  55.00241  13.15499 
2020-09-03T09:15:59.999Z 3  55.00247  13.15497 
2020-09-03T09:46:00.000Z 3  55.00246  13.15501 
2020-09-03T10:15:59.999Z 3  55.00247  13.15506 
2020-09-03T10:45:59.999Z 3  55.00245  13.15506 
2020-09-03T11:16:00.000Z 3  55.00247  13.15506 
2020-09-03T11:45:59.999Z 3  55.00253  13.15503 
2020-09-03T12:15:59.999Z 3  55.00250  13.15506 
2020-09-03T12:46:00.000Z 3  55.00256  13.15506 
2020-09-03T13:15:59.999Z 3  55.00258  13.15506 
2020-09-03T13:45:59.999Z 3  55.00257  13.15501 
2020-09-03T14:16:00.000Z 3  55.00255  13.15501 
2020-09-03T14:45:59.999Z 3  55.00257  13.15497 
2020-09-03T15:15:59.999Z 3  55.00256  13.15499 
2020-09-03T15:46:00.000Z 3  55.00259  13.15495 
2020-09-03T16:15:59.999Z 3  55.00255  13.15497 
2020-09-03T16:45:59.999Z 3  55.00263  13.15493 
2020-09-03T17:16:00.000Z 3  55.00265  13.15482 
2020-09-03T17:45:59.999Z 3  55.00267  13.15467 
2020-09-03T18:15:59.999Z 3  55.00265  13.15460 
2020-09-03T18:46:00.000Z 3  55.00260  13.15475 
2020-09-03T19:15:59.999Z 3  55.00270  13.15469 
2020-09-03T19:45:59.999Z 3  55.00267  13.15488 
2020-09-03T20:16:00.000Z 3  55.00262  13.15495 
2020-09-03T20:45:59.999Z 3  55.00262  13.15493 
2020-09-03T21:15:59.999Z 3  55.00260  13.15493 
2020-09-03T21:46:00.000Z 3  55.00263  13.15490 
2020-09-03T22:15:59.999Z 3  55.00263  13.15488 
2020-09-03T22:45:59.999Z 3  55.00265  13.15488 
2020-09-03T23:16:00.000Z 3  55.00271  13.15484 
2020-09-03T23:45:59.999Z 3  55.00260  13.15495 
2020-09-04T00:15:59.999Z 3  55.00261  13.15497 
2020-09-04T00:46:00.000Z 3  55.00253  13.15503 
2020-09-04T01:15:59.999Z 3  55.00253  13.15506 
2020-09-04T01:45:59.999Z 3  55.00254  13.15506 
2020-09-04T02:16:00.000Z 3  55.00256  13.15506 
2020-09-04T02:45:59.999Z 3  55.00252  13.15506 
2020-09-04T03:15:59.999Z 3  55.00245  13.15503 
2020-09-04T03:46:00.000Z 3  55.00246  13.15503 
2020-09-04T04:15:59.999Z 3  55.00248  13.15503 
2020-09-04T04:45:59.999Z 3  55.00245  13.15503 
2020-09-04T05:16:00.000Z 3  55.00245  13.15501 
2020-09-04T05:45:59.999Z 3  55.00242  13.15501 
2020-09-04T06:15:59.999Z 3  55.00241  13.15503 
2020-09-04T06:46:00.000Z 3  55.00241  13.15501 
2020-09-04T07:15:59.999Z 3  55.00240  13.15499 
2020-09-04T07:45:59.999Z 3  55.00240  13.15501 
2020-09-04T08:16:00.000Z 3  55.00241  13.15499 
2020-09-04T08:45:59.999Z 3  55.00242  13.15497 
2020-09-04T09:15:59.999Z 3  55.00242  13.15497 
2020-09-04T09:46:00.000Z 3  55.00240  13.15499 
2020-09-04T10:15:59.999Z 3  55.00240  13.15501 
2020-09-04T10:45:59.999Z 3  55.00245  13.15506 
2020-09-04T11:16:00.000Z 3  55.00243  13.15508 
2020-09-04T11:45:59.999Z 3  55.00242  13.15506 
2020-09-04T12:15:59.999Z 3  55.00239  13.15499 
2020-09-04T12:46:00.000Z 3  55.00238  13.15497 
2020-09-04T13:15:59.999Z 3  55.00235  13.15497 
2020-09-04T13:45:59.999Z 3  55.00244  13.15499 
2020-09-04T14:16:00.000Z 3  55.00239  13.15497 
2020-09-04T14:45:59.999Z 3  55.00245  13.15501 
2020-09-04T15:15:59.999Z 3  55.00248  13.15499 
2020-09-04T15:46:00.000Z 3  55.00246  13.15503 
2020-09-04T16:15:59.999Z 3  55.00256  13.15503 
2020-09-04T16:45:59.999Z 3  55.00257  13.15503 
2020-09-04T17:16:00.000Z 3  55.00257  13.15501 
2020-09-04T17:45:59.999Z 3  55.00255  13.15503 
2020-09-04T18:15:59.999Z 3  55.00276  13.15488 
2020-09-04T18:46:00.000Z 3  55.00260  13.15506 
2020-09-04T19:15:59.999Z 3  55.00263  13.15488 
2020-09-04T20:16:00.000Z 3  55.00255  13.15499 
2020-09-04T20:45:59.999Z 3  55.00245  13.15516 
2020-09-04T21:15:59.999Z 3  55.00254  13.15503 
2020-09-04T21:46:00.000Z 3  55.00245  13.15501 
2020-09-04T22:15:59.999Z 3  55.00244  13.15501 
2020-09-04T22:45:59.999Z 3  55.00246  13.15508 
2020-09-04T23:16:00.000Z 3  55.00254  13.15495 
2020-09-04T23:45:59.999Z 3  55.00253  13.15499 
2020-09-05T00:15:59.999Z 3  55.00252  13.15499 
2020-09-05T00:46:00.000Z 3  55.00250  13.15503 
2020-09-05T01:15:59.999Z 3  55.00248  13.15503 
2020-09-05T01:45:59.999Z 3  55.00249  13.15503 
2020-09-05T02:16:00.000Z 3  55.00252  13.15503 
2020-09-05T02:45:59.999Z 3  55.00259  13.15493 
2020-09-05T03:15:59.999Z 3  55.00253  13.15495 
2020-09-05T03:46:00.000Z 3  55.00259  13.15499 
2020-09-05T04:15:59.999Z 3  55.00257  13.15514 
2020-09-05T04:45:59.999Z 3  55.00254  13.15501 
2020-09-05T05:16:00.000Z 3  55.00257  13.15499 
2020-09-05T05:45:59.999Z 3  55.00259  13.15499 
2020-09-05T06:15:59.999Z 3  55.00259  13.15501 
2020-09-05T06:46:00.000Z 3  55.00260  13.15497 
2020-09-05T07:15:59.999Z 3  55.00257  13.15501 
2020-09-05T07:45:59.999Z 3  55.00254  13.15499 
2020-09-05T08:16:00.000Z 3  55.00258  13.15501 
2020-09-05T08:45:59.999Z 3  55.00258  13.15503 
2020-09-05T09:15:59.999Z 3  55.00257  13.15503 
2020-09-05T09:46:00.000Z 3  55.00253  13.15503 
2020-09-05T10:15:59.999Z 3  55.00254  13.15512 
2020-09-05T10:45:59.999Z 3  55.00253  13.15508 
2020-09-05T11:16:00.000Z 3  55.00256  13.15503 
2020-09-05T11:45:59.999Z 3  55.00253  13.15506 
2020-09-05T12:15:59.999Z 3  55.00250  13.15512 
2020-09-05T12:46:00.000Z 3  55.00252  13.15506 
2020-09-05T13:15:59.999Z 3  55.00250  13.15506 
2020-09-05T13:45:59.999Z 3  55.00245  13.15506 
2020-09-05T14:16:00.000Z 3  55.00245  13.15503 
2020-09-05T14:45:59.999Z 3  55.00243  13.15503 
2020-09-05T15:15:59.999Z 3  55.00248  13.15499 
2020-09-05T15:46:00.000Z 3  55.00245  13.15506 
2020-09-05T16:15:59.999Z 3  55.00248  13.15506 
2020-09-05T16:45:59.999Z 3  55.00250  13.15503 
2020-09-05T17:16:00.000Z 3  55.00249  13.15503 
2020-09-05T17:45:59.999Z 3  55.00245  13.15506 
2020-09-05T18:15:59.999Z 3  55.00243  13.15499 
2020-09-05T18:46:00.000Z 3  55.00257  13.15506 
2020-09-05T19:15:59.999Z 3  55.00247  13.15501 
2020-09-05T19:45:59.999Z 3  55.00246  13.15506 
2020-09-05T20:16:00.000Z 3  55.00252  13.15503 
2020-09-05T20:45:59.999Z 3  55.00252  13.15506 
2020-09-05T21:15:59.999Z 3  55.00255  13.15503 
2020-09-05T21:46:00.000Z 3  55.00248  13.15501 
2020-09-05T22:15:59.999Z 3  55.00250  13.15503 
2020-09-05T22:45:59.999Z 3  55.00247  13.15503 
2020-09-05T23:16:00.000Z 3  55.00252  13.15501 
2020-09-05T23:45:59.999Z 3  55.00250  13.15501 
2020-09-06T00:15:59.999Z 3  55.00250  13.15501 
2020-09-06T00:46:00.000Z 3  55.00249  13.15501 
2020-09-06T01:15:59.999Z 3  55.00248  13.15506 
2020-09-06T01:45:59.999Z 3  55.00246  13.15503 
2020-09-06T02:16:00.000Z 3  55.00248  13.15503 
2020-09-06T02:45:59.999Z 3  55.00239  13.15508 
2020-09-06T03:15:59.999Z 3  55.00245  13.15499 
2020-09-06T03:46:00.000Z 3  55.00243  13.15499 
2020-09-06T04:15:59.999Z 3  55.00242  13.15501 
2020-09-06T04:45:59.999Z 3  55.00244  13.15501 
2020-09-06T05:16:00.000Z 3  55.00245  13.15503 
2020-09-06T05:45:59.999Z 3  55.00247  13.15501 
2020-09-06T06:15:59.999Z 3  55.00243  13.15501 
2020-09-06T06:46:00.000Z 3  55.00246  13.15501 
2020-09-06T07:15:59.999Z 3  55.00247  13.15499 
2020-09-06T07:45:59.999Z 3  55.00247  13.15503 
2020-09-06T08:16:00.000Z 3  55.00246  13.15499 
2020-09-06T08:45:59.999Z 3  55.00252  13.15503 
2020-09-06T09:15:59.999Z 3  55.00253  13.15503 
2020-09-06T09:46:00.000Z 3  55.00259  13.15501 
2020-09-06T10:15:59.999Z 3  55.00252  13.15503 
2020-09-06T10:45:59.999Z 3  55.00253  13.15503 
2020-09-06T11:16:00.000Z 3  55.00253  13.15503 
2020-09-06T11:45:59.999Z 3  55.00250  13.15506 
2020-09-06T12:15:59.999Z 3  55.00255  13.15501 
2020-09-06T12:46:00.000Z 3  55.00253  13.15503 
2020-09-06T13:15:59.999Z 3  55.00254  13.15503 
2020-09-06T13:45:59.999Z 3  55.00254  13.15506 
2020-09-06T14:16:00.000Z 3  55.00253  13.15501 
2020-09-06T14:45:59.999Z 3  55.00254  13.15501 
2020-09-06T15:15:59.999Z 3  55.00258  13.15506 
2020-09-06T15:46:00.000Z 3  55.00258  13.15503 
2020-09-06T16:15:59.999Z 3  55.00249  13.15510 
2020-09-06T16:45:59.999Z 3  55.00247  13.15506 
2020-09-06T17:16:00.000Z 3  55.00252  13.15506 
2020-09-06T17:45:59.999Z 3  55.00253  13.15497 
2020-09-06T18:15:59.999Z 3  55.00259  13.15503 
2020-09-06T18:46:00.000Z 3  55.00253  13.15503 
2020-09-06T19:15:59.999Z 3  55.00247  13.15508 
2020-09-06T19:45:59.999Z 3  55.00245  13.15510 
2020-09-06T20:16:00.000Z 3  55.00247  13.15503 
2020-09-06T20:45:59.999Z 3  55.00245  13.15501 
2020-09-06T21:15:59.999Z 3  55.00249  13.15499 
2020-09-06T21:46:00.000Z 3  55.00241  13.15501 
2020-09-06T22:15:59.999Z 3  55.00240  13.15501 
2020-09-06T22:45:59.999Z 3  55.00241  13.15501 
2020-09-06T23:16:00.000Z 3  55.00243  13.15503 
2020-09-06T23:45:59.999Z 3  55.00242  13.15497 
2020-09-07T00:15:59.999Z 3  55.00238  13.15499 
2020-09-07T00:46:00.000Z 3  55.00239  13.15501 
2020-09-07T01:15:59.999Z 3  55.00239  13.15499 
2020-09-07T01:45:59.999Z 3  55.00240  13.15499 
2020-09-07T02:16:00.000Z 3  55.00240  13.15495 
2020-09-07T02:45:59.999Z 3  55.00239  13.15497 
2020-09-07T03:15:59.999Z 3  55.00235  13.15503 
2020-09-07T03:46:00.000Z 3  55.00237  13.15497 
2020-09-07T04:15:59.999Z 3  55.00238  13.15501 
2020-09-07T04:45:59.999Z 3  55.00240  13.15497 
2020-09-07T05:16:00.000Z 3  55.00242  13.15499 
2020-09-07T05:45:59.999Z 3  55.00239  13.15497 
2020-09-07T06:15:59.999Z 3  55.00240  13.15499 
2020-09-07T06:46:00.000Z 3  55.00243  13.15503 
2020-09-07T07:15:59.999Z 3  55.00239  13.15501 
2020-09-07T07:45:59.999Z 3  55.00242  13.15501 
2020-09-07T08:16:00.000Z 3  55.00242  13.15499 
2020-09-07T08:45:59.999Z 3  55.00245  13.15501 
2020-09-07T09:15:59.999Z 3  55.00246  13.15499 
2020-09-07T09:46:00.000Z 3  55.00242  13.15501 
2020-09-07T10:15:59.999Z 3  55.00242  13.15508 
2020-09-07T10:45:59.999Z 3  55.00242  13.15499 
2020-09-07T11:16:00.000Z 3  55.00245  13.15503 
2020-09-07T11:45:59.999Z 3  55.00246  13.15503 
2020-09-07T12:15:59.999Z 3  55.00245  13.15506 
2020-09-07T12:46:00.000Z 3  55.00243  13.15501 
2020-09-07T13:15:59.999Z 3  55.00241  13.15503 
2020-09-07T13:45:59.999Z 3  55.00248  13.15510 
2020-09-07T14:16:00.000Z 3  55.00247  13.15501 
2020-09-07T14:45:59.999Z 3  55.00246  13.15503 
2020-09-07T15:15:59.999Z 3  55.00245  13.15506 
2020-09-07T15:46:00.000Z 3  55.00245  13.15506 
2020-09-07T16:15:59.999Z 3  55.00247  13.15499 
2020-09-07T16:45:59.999Z 3  55.00253  13.15501 
2020-09-07T17:16:00.000Z 3  55.00256  13.15501 
2020-09-07T17:45:59.999Z 3  55.00258  13.15501 
2020-09-07T18:15:59.999Z 3  55.00260  13.15499 
2020-09-07T18:46:00.000Z 3  55.00270  13.15493 
2020-09-07T19:15:59.999Z 3  55.00259  13.15499 
2020-09-07T19:45:59.999Z 3  55.00261  13.15497 
2020-09-07T20:16:00.000Z 3  55.00261  13.15497 
2020-09-07T20:45:59.999Z 3  55.00260  13.15497 
2020-09-07T21:15:59.999Z 3  55.00268  13.15495 
2020-09-07T21:46:00.000Z 3  55.00260  13.15495 
2020-09-07T22:15:59.999Z 3  55.00262  13.15495 
2020-09-07T22:45:59.999Z 3  55.00263  13.15495 
2020-09-07T23:16:00.000Z 3  55.00262  13.15495 
2020-09-07T23:45:59.999Z 3  55.00263  13.15493 
2020-09-08T00:15:59.999Z 3  55.00260  13.15495 
2020-09-08T00:46:00.000Z 3  55.00298  13.15460 
2020-09-08T01:15:59.999Z 3  55.00259  13.15499 
2020-09-08T01:45:59.999Z 3  55.00260  13.15501 
2020-09-08T02:16:00.000Z 3  55.00260  13.15499 
2020-09-08T02:45:59.999Z 3  55.00254  13.15501 
2020-09-08T03:15:59.999Z 3  55.00254  13.15506 
2020-09-08T03:46:00.000Z 3  55.00257  13.15503 
2020-09-08T04:15:59.999Z 3  55.00259  13.15506 
2020-09-08T04:45:59.999Z 3  55.00256  13.15503 
2020-09-08T05:16:00.000Z 3  55.00276  13.15471 
2020-09-08T05:45:59.999Z 3  55.00260  13.15506 
2020-09-08T06:15:59.999Z 3  55.00261  13.15514 
2020-09-08T06:46:00.000Z 3  55.00256  13.15495 
2020-09-08T07:15:59.999Z 3  55.00257  13.15501 
2020-09-08T07:45:59.999Z 3  55.00260  13.15506 
2020-09-08T08:16:00.000Z 3  55.00256  13.15503 
2020-09-08T08:45:59.999Z 3  55.00255  13.15506 
2020-09-08T09:15:59.999Z 3  55.00248  13.15506 
2020-09-08T09:46:00.000Z 3  55.00246  13.15508 
2020-09-08T10:15:59.999Z 3  55.00246  13.15506 
2020-09-08T10:45:59.999Z 3  55.00246  13.15508 
2020-09-08T11:16:00.000Z 3  55.00252  13.15501 
2020-09-08T11:45:59.999Z 3  55.00245  13.15503 
2020-09-08T12:15:59.999Z 3  55.00241  13.15503 
2020-09-08T12:46:00.000Z 3  55.00240  13.15503 
2020-09-08T13:15:59.999Z 3  55.00240  13.15501 
2020-09-08T13:45:59.999Z 3  55.00235  13.15501 
2020-09-08T14:16:00.000Z 3  55.00234  13.15501 
2020-09-08T14:45:59.999Z 3  55.00228  13.15493 
2020-09-08T15:15:59.999Z 3  55.00231  13.15486 
2020-09-08T15:46:00.000Z 3  55.00225  13.15475 
2020-09-08T16:15:59.999Z 3  55.00225  13.15469 
2020-09-08T16:45:59.999Z 3  55.00227  13.15465 
2020-09-08T17:16:00.000Z 3  55.00231  13.15450 
2020-09-08T17:45:59.999Z 3  55.00234  13.15443 
2020-09-08T18:15:59.999Z 3  55.00239  13.15441 
2020-09-08T18:46:00.000Z 3  55.00241  13.15435 
2020-09-08T19:15:59.999Z 3  55.00239  13.15441 
2020-09-08T19:45:59.999Z 3  55.00239  13.15439 
2020-09-08T20:16:00.000Z 3  55.00241  13.15435 
2020-09-08T20:45:59.999Z 3  55.00245  13.15437 
2020-09-08T21:15:59.999Z 3  55.00243  13.15439 
2020-09-08T21:46:00.000Z 3  55.00247  13.15433 
2020-09-08T22:15:59.999Z 3  55.00250  13.15435 
2020-09-08T22:45:59.999Z 3  55.00254  13.15437 
2020-09-08T23:16:00.000Z 3  55.00258  13.15458 
2020-09-08T23:45:59.999Z 3  55.00268  13.15467 
2020-09-09T00:15:59.999Z 3  55.00264  13.15480 
2020-09-09T00:46:00.000Z 3  55.00265  13.15480 
2020-09-09T01:15:59.999Z 3  55.00260  13.15490 
2020-09-09T01:45:59.999Z 3  55.00261  13.15493 
2020-09-09T02:16:00.000Z 3  55.00259  13.15493 
2020-09-09T02:45:59.999Z 3  55.00258  13.15490 
2020-09-09T03:15:59.999Z 3  55.00255  13.15495 
2020-09-09T03:46:00.000Z 3  55.00253  13.15503 
2020-09-09T04:15:59.999Z 3  55.00256  13.15501 
2020-09-09T04:45:59.999Z 3  55.00258  13.15495 
2020-09-09T05:16:00.000Z 3  55.00259  13.15495 
2020-09-09T05:45:59.999Z 3  55.00256  13.15499 
2020-09-09T06:15:59.999Z 3  55.00257  13.15484 
2020-09-09T06:46:00.000Z 3  55.00261  13.15488 
2020-09-09T07:15:59.999Z 3  55.00263  13.15486 
2020-09-09T07:45:59.999Z 3  55.00267  13.15484 
2020-09-09T08:16:00.000Z 3  55.00262  13.15493 
2020-09-09T08:45:59.999Z 3  55.00263  13.15486 
2020-09-09T09:15:59.999Z 3  55.00258  13.15490 
2020-09-09T09:46:00.000Z 3  55.00263  13.15495 
2020-09-09T10:15:59.999Z 3  55.00263  13.15495 
2020-09-09T10:45:59.999Z 3  55.00265  13.15497 
2020-09-09T11:16:00.000Z 3  55.00261  13.15501 
2020-09-09T11:45:59.999Z 3  55.00265  13.15495 
2020-09-09T12:15:59.999Z 3  55.00263  13.15508 
2020-09-09T12:46:00.000Z 3  55.00261  13.15501 
2020-09-09T13:15:59.999Z 3  55.00259  13.15503 
2020-09-09T13:45:59.999Z 3  55.00268  13.15471 
2020-09-09T14:16:00.000Z 3  55.00263  13.15499 
2020-09-09T14:45:59.999Z 3  55.00267  13.15495 
2020-09-09T15:15:59.999Z 3  55.00259  13.15508 
2020-09-09T15:46:00.000Z 3  55.00255  13.15508 
2020-09-09T16:15:59.999Z 3  55.00254  13.15512 
2020-09-09T16:45:59.999Z 3  55.00249  13.15508 
2020-09-09T17:16:00.000Z 3  55.00247  13.15508 
2020-09-09T17:45:59.999Z 3  55.00245  13.15508 
2020-09-09T18:15:59.999Z 3  55.00242  13.15508 
2020-09-09T18:46:00.000Z 3  55.00240  13.15503 
2020-09-09T19:15:59.999Z 3  55.00239  13.15503 
2020-09-09T19:45:59.999Z 3  55.00237  13.15503 
2020-09-09T20:16:00.000Z 3  55.00238  13.15499 
2020-09-09T20:45:59.999Z 3  55.00233  13.15495 
2020-09-09T21:15:59.999Z 3  55.00235  13.15501 
2020-09-09T21:46:00.000Z 3  55.00232  13.15493 
2020-09-09T22:15:59.999Z 3  55.00233  13.15495 
2020-09-09T22:45:59.999Z 3  55.00233  13.15493 
2020-09-09T23:16:00.000Z 3  55.00230  13.15488 
2020-09-09T23:45:59.999Z 3  55.00225  13.15484 
2020-09-10T00:15:59.999Z 3  55.00229  13.15486 
2020-09-10T00:46:00.000Z 3  55.00229  13.15484 
2020-09-10T01:15:59.999Z 3  55.00226  13.15480 
2020-09-10T01:45:59.999Z 3  55.00227  13.15480 
2020-09-10T02:16:00.000Z 3  55.00226  13.15478 
2020-09-10T02:45:59.999Z 3  55.00230  13.15473 
2020-09-10T03:15:59.999Z 3  55.00238  13.15469 
2020-09-10T03:46:00.000Z 3  55.00226  13.15465 
2020-09-10T04:15:59.999Z 3  55.00225  13.15465 
2020-09-10T04:45:59.999Z 3  55.00228  13.15463 
2020-09-10T05:16:00.000Z 3  55.00226  13.15465 
2020-09-10T05:45:59.999Z 3  55.00228  13.15467 
2020-09-10T06:15:59.999Z 3  55.00232  13.15482 
2020-09-10T06:46:00.000Z 3  55.00227  13.15469 
2020-09-10T07:15:59.999Z 3  55.00228  13.15473 
2020-09-10T07:45:59.999Z 3  55.00230  13.15480 
2020-09-10T08:16:00.000Z 3  55.00228  13.15475 
2020-09-10T08:45:59.999Z 3  55.00230  13.15480 
2020-09-10T09:15:59.999Z 3  55.00229  13.15484 
2020-09-10T09:46:00.000Z 3  55.00228  13.15484 
2020-09-10T10:15:59.999Z 3  55.00230  13.15482 
2020-09-10T10:45:59.999Z 3  55.00229  13.15475 
2020-09-10T11:16:00.000Z 3  55.00228  13.15475 
2020-09-10T11:45:59.999Z 3  55.00227  13.15480 
2020-09-10T12:15:59.999Z 3  55.00230  13.15475 
2020-09-10T12:46:00.000Z 3  55.00228  13.15471 
2020-09-10T13:15:59.999Z 3  55.00178  13.15501 
2020-09-10T13:45:59.999Z 3  55.00193  13.15551 
2020-09-10T14:16:00.000Z 3  55.00309  13.15690 
2020-09-10T14:45:59.999Z 3  55.00422  13.15868 
2020-09-10T15:15:59.999Z 3  55.00502  13.16089 
2020-09-10T15:46:00.000Z 3  55.00586  13.16338 
2020-09-10T16:15:59.999Z 3  55.00670  13.16647 
2020-09-10T16:45:59.999Z 3  55.00765  13.16975 
2020-09-10T17:16:00.000Z 3  55.00876  13.17325 
2020-09-10T17:45:59.999Z 3  55.00970  13.17701 
2020-09-10T18:15:59.999Z 3  55.01056  13.18063 
2020-09-10T18:46:00.000Z 3  55.01121  13.18428 
2020-09-10T19:15:59.999Z 3  55.01170  13.18827 
2020-09-10T19:45:59.999Z 3  55.01187  13.19216 
2020-09-10T20:16:00.000Z 3  55.01188  13.19604 
2020-09-10T20:45:59.999Z 3  55.01171  13.19992 
2020-09-10T21:15:59.999Z 3  55.01116  13.20299 
2020-09-10T21:46:00.000Z 3  55.01062  13.20546 
2020-09-10T22:15:59.999Z 3  55.00957  13.20780 
2020-09-10T22:45:59.999Z 3  55.00852  13.20949 
2020-09-10T23:16:00.000Z 3  55.00743  13.21097 
2020-09-10T23:45:59.999Z 3  55.00653  13.21203 
2020-09-11T00:15:59.999Z 3  55.00522  13.21301 
2020-09-11T00:46:00.000Z 3  55.00423  13.21333 
2020-09-11T01:15:59.999Z 3  55.00333  13.21323 
2020-09-11T01:45:59.999Z 3  55.00263  13.21269 
2020-09-11T02:16:00.000Z 3  55.00209  13.21192 
2020-09-11T02:45:59.999Z 3  55.00186  13.21130 
2020-09-11T03:15:59.999Z 3  55.00208  13.21102 
2020-09-11T03:46:00.000Z 3  55.00241  13.21091 
2020-09-11T04:15:59.999Z 3  55.00302  13.21061 
2020-09-11T04:45:59.999Z 3  55.00378  13.21074 
2020-09-11T05:16:00.000Z 3  55.00429  13.21138 
2020-09-11T05:45:59.999Z 3  55.00462  13.21254 
2020-09-11T06:15:59.999Z 3  55.00498  13.21406 
2020-09-11T06:46:00.000Z 3  55.00525  13.21572 
2020-09-11T07:15:59.999Z 3  55.00521  13.21763 
2020-09-11T07:45:59.999Z 3  55.00490  13.21958 
2020-09-11T08:16:00.000Z 3  55.00430  13.22187 
2020-09-11T08:45:59.999Z 3  55.00366  13.22441 
2020-09-11T09:15:59.999Z 3  55.00286  13.22732 
2020-09-11T09:46:00.000Z 3  55.00175  13.23005 
2020-09-11T10:15:59.999Z 3  55.00023  13.23254 
2020-09-11T10:45:59.999Z 3  54.99838  13.23453 
2020-09-11T11:16:00.000Z 3  54.99639  13.23619 
2020-09-11T11:45:59.999Z 3  54.99420  13.23829 
2020-09-11T12:15:59.999Z 3  54.99190  13.24037 
2020-09-11T12:46:00.000Z 3  54.98944  13.24200 
2020-09-11T13:15:59.999Z 3  54.98684  13.24350 
2020-09-11T13:45:59.999Z 3  54.98406  13.24410 
2020-09-11T14:16:00.000Z 3  54.98115  13.24445 
2020-09-11T14:45:59.999Z 3  54.97825  13.24458 
2020-09-11T15:15:59.999Z 3  54.97518  13.24438 
2020-09-11T15:46:00.000Z 3  54.97231  13.24327 
2020-09-11T16:15:59.999Z 3  54.96972  13.24159 
2020-09-11T16:45:59.999Z 3  54.96722  13.23945 
2020-09-11T17:16:00.000Z 3  54.96485  13.23732 
2020-09-11T17:45:59.999Z 3  54.96248  13.23486 
2020-09-11T18:15:59.999Z 3  54.96071  13.23202 
2020-09-11T18:46:00.000Z 3  54.95919  13.22898 
2020-09-11T19:15:59.999Z 3  54.95780  13.22614 
2020-09-11T19:45:59.999Z 3  54.95626  13.22353 
2020-09-11T20:16:00.000Z 3  54.95458  13.22063 
2020-09-11T20:45:59.999Z 3  54.95267  13.21698 
2020-09-11T21:15:59.999Z 3  54.95072  13.21378 
2020-09-11T21:46:00.000Z 3  54.94866  13.21106 
2020-09-11T22:15:59.999Z 3  54.94623  13.20788 
2020-09-11T22:45:59.999Z 3  54.94416  13.20505 
2020-09-11T23:16:00.000Z 3  54.94242  13.20351 
2020-09-11T23:45:59.999Z 3  54.94077  13.20196 
2020-09-12T00:15:59.999Z 3  54.93894  13.20057 
2020-09-12T00:46:00.000Z 3  54.93661  13.19834 
2020-09-12T01:15:59.999Z 3  54.93396  13.19587 
2020-09-12T01:45:59.999Z 3  54.93129  13.19359 
2020-09-12T02:16:00.000Z 3  54.92849  13.19166 
2020-09-12T02:45:59.999Z 3  54.92562  13.18975 
2020-09-12T03:15:59.999Z 3  54.92268  13.18819 
2020-09-12T03:46:00.000Z 3  54.92001  13.18731 
2020-09-12T04:15:59.999Z 3  54.91715  13.18662 
2020-09-12T04:45:59.999Z 3  54.91430  13.18617 
2020-09-12T05:45:59.999Z 3  54.90857  13.18570 
2020-09-12T06:15:59.999Z 3  54.90575  13.18555 
2020-09-12T06:46:00.000Z 3  54.90281  13.18572 
