#parameter:GGH
#unit:cm
#date:20241116
#sensor:radcan
#Time in ms since start of day
0,159.41
60000,162.67
120000,157.46
180000,157.61
240000,157.35
300000,156.12
360000,157.66
420000,154.49
480000,155.01
540000,156.33
600000,155.55
660000,155.99
720000,156.04
780000,159.55
840000,158.58
900000,159.03
960000,159.92
1020000,156.41
1080000,157.78
1140000,154.75
1200000,154.36
1260000,153.41
1320000,155.88
1380000,152.82
1440000,152.42
1500000,155.73
1560000,152.80
1620000,155.23
1680000,153.75
1740000,153.17
1800000,156.81
1860000,155.08
1920000,152.49
1980000,150.62
2040000,151.02
2100000,151.22
2160000,151.84
2220000,149.60
2280000,153.92
2340000,157.51
2400000,153.93
2460000,149.01
2520000,151.70
2580000,151.77
2640000,151.54
2700000,148.08
2760000,150.63
2820000,147.19
2880000,150.13
2940000,147.61
3000000,147.52
3060000,148.19
3120000,147.38
3180000,148.87
3240000,147.72
3300000,147.90
3360000,148.07
3420000,147.80
3480000,145.31
3540000,146.38
3600000,146.79
3660000,150.32
3720000,144.68
3780000,145.61
3840000,146.08
3900000,147.73
3960000,149.45
4020000,150.10
4080000,147.85
4140000,152.74
4200000,148.62
4260000,146.71
4320000,146.00
4380000,144.29
4440000,147.71
4500000,146.30
4560000,146.21
4620000,147.02
4680000,146.77
4740000,146.98
4800000,148.56
4860000,149.18
4920000,148.18
4980000,148.77
5040000,145.97
5100000,145.40
5160000,142.99
5220000,142.82
5280000,140.25
5340000,138.56
5400000,141.64
5460000,144.09
5520000,147.72
5580000,147.53
5640000,145.98
5700000,146.52
5760000,145.91
5820000,145.21
5880000,145.07
5940000,145.33
6000000,143.09
6060000,140.57
6120000,141.50
6180000,143.42
6240000,145.25
6300000,147.76
6360000,147.74
6420000,149.45
6480000,150.65
6540000,146.95
6600000,146.31
6660000,143.82
6720000,142.48
6780000,142.34
6840000,141.84
6900000,141.91
6960000,143.09
7020000,143.56
7080000,141.83
7140000,139.74
7200000,140.51
7260000,140.17
7320000,141.96
7380000,143.00
7440000,143.02
7500000,139.83
7560000,139.17
7620000,139.57
7680000,139.35
7740000,141.65
7800000,141.26
7860000,144.21
7920000,144.88
7980000,144.78
8040000,146.40
8100000,146.53
8160000,148.19
8220000,144.44
8280000,145.36
8340000,148.23
8400000,151.60
8460000,150.23
8520000,149.15
8580000,146.34
8640000,143.46
8700000,143.83
8760000,142.38
8820000,139.30
8880000,139.79
8940000,140.10
9000000,137.78
9060000,136.07
9120000,134.17
9180000,132.73
9240000,131.82
9300000,131.58
9360000,130.24
9420000,131.19
9480000,130.59
9540000,128.60
9600000,127.79
9660000,126.16
9720000,125.33
9780000,125.25
9840000,125.08
9900000,128.30
9960000,126.20
10020000,128.11
10080000,128.03
10140000,127.85
10200000,128.12
10260000,126.84
10320000,127.19
10380000,129.83
10440000,127.20
10500000,126.22
10560000,126.45
10620000,126.12
10680000,126.21
10740000,125.22
10800000,124.82
10860000,126.82
10920000,128.16
10980000,128.03
11040000,130.66
11100000,129.08
11160000,129.48
11220000,127.40
11280000,127.31
11340000,130.01
11400000,129.77
11460000,132.34
11520000,134.95
11580000,136.57
11640000,137.76
11700000,138.43
11760000,138.77
11820000,139.90
11880000,138.56
11940000,137.22
12000000,134.73
12060000,133.91
12120000,133.67
12180000,134.62
12240000,134.04
12300000,135.43
12360000,136.24
12420000,136.92
12480000,136.99
12540000,132.29
12600000,133.34
12660000,133.24
12720000,129.14
12780000,125.73
12840000,127.87
12900000,127.31
12960000,127.25
13020000,128.42
13080000,130.36
13140000,133.37
13200000,137.01
13260000,137.08
13320000,136.61
13380000,138.32
13440000,135.43
13500000,134.22
13560000,133.93
13620000,134.72
13680000,134.17
13740000,137.71
13800000,137.26
13860000,134.50
13920000,135.41
13980000,136.41
14040000,135.20
14100000,136.54
14160000,135.89
14220000,134.92
14280000,135.51
14340000,132.01
14400000,130.25
14460000,133.25
14520000,135.50
14580000,134.63
14640000,134.31
14700000,137.52
14760000,139.38
14820000,140.43
14880000,139.43
14940000,140.06
15000000,140.97
15060000,144.73
15120000,146.28
15180000,146.45
15240000,145.50
15300000,145.60
15360000,144.39
15420000,145.84
15480000,145.75
15540000,150.15
15600000,149.80
15660000,149.51
15720000,151.01
15780000,149.60
15840000,152.81
15900000,152.49
15960000,153.46
16020000,152.29
16080000,150.13
16140000,150.71
16200000,151.59
16260000,148.97
16320000,153.84
16380000,153.60
16440000,152.47
16500000,149.91
16560000,154.23
16620000,150.84
16680000,150.21
16740000,149.67
16800000,150.37
16860000,150.71
16920000,148.33
16980000,152.93
17040000,153.09
17100000,151.78
17160000,153.29
17220000,153.51
17280000,156.98
17340000,154.84
17400000,154.79
17460000,155.50
17520000,149.20
17580000,149.25
17640000,153.62
17700000,157.58
17760000,154.62
17820000,154.36
17880000,157.31
17940000,155.00
18000000,155.99
18060000,153.87
18120000,155.77
18180000,153.12
18240000,151.61
18300000,149.21
18360000,147.95
18420000,146.54
18480000,146.10
18540000,149.91
18600000,147.21
18660000,147.88
18720000,150.06
18780000,152.93
18840000,149.55
18900000,146.29
18960000,148.65
19020000,149.14
19080000,148.60
19140000,145.35
19200000,145.07
19260000,146.40
19320000,145.92
19380000,144.75
19440000,149.73
19500000,148.99
19560000,147.80
19620000,148.04
19680000,148.92
19740000,149.06
19800000,152.17
19860000,152.37
19920000,150.24
19980000,147.80
20040000,148.25
20100000,153.48
20160000,151.26
20220000,150.66
20280000,153.12
20340000,154.68
20400000,153.62
20460000,153.60
20520000,154.31
20580000,156.39
20640000,152.63
20700000,155.80
20760000,154.55
20820000,154.00
20880000,152.11
20940000,154.10
21000000,155.71
21060000,156.32
21120000,155.64
21180000,154.38
21240000,156.99
21300000,155.23
21360000,157.13
21420000,159.34
21480000,160.07
21540000,161.51
21600000,160.94
21660000,158.12
21720000,159.68
21780000,154.62
21840000,154.24
21900000,152.23
21960000,152.17
22020000,151.06
22080000,150.50
22140000,151.04
22200000,145.01
22260000,143.23
22320000,142.71
22380000,146.13
22440000,144.94
22500000,146.08
22560000,145.22
22620000,140.26
22680000,138.36
22740000,138.40
22800000,137.88
22860000,139.54
22920000,140.68
22980000,141.56
23040000,142.35
23100000,142.10
23160000,144.76
23220000,144.74
23280000,143.80
23340000,141.01
23400000,144.70
23460000,145.61
23520000,148.73
23580000,147.11
23640000,144.41
23700000,144.79
23760000,146.03
23820000,148.36
23880000,146.51
23940000,147.57
24000000,148.24
24060000,146.51
24120000,144.17
24180000,144.22
24240000,145.15
24300000,146.56
24360000,146.96
24420000,148.67
24480000,150.13
24540000,149.46
24600000,151.13
24660000,152.10
24720000,151.82
24780000,150.66
24840000,151.27
24900000,151.03
24960000,152.66
25020000,151.39
25080000,154.14
25140000,155.27
25200000,155.65
25260000,153.21
25320000,153.00
25380000,152.57
25440000,151.91
25500000,153.96
25560000,152.72
25620000,153.31
25680000,150.50
25740000,149.15
25800000,143.69
25860000,145.70
25920000,145.84
25980000,147.07
26040000,148.94
26100000,148.32
26160000,145.86
26220000,145.79
26280000,145.08
26340000,142.02
26400000,144.17
26460000,144.75
26520000,145.86
26580000,146.12
26640000,144.00
26700000,145.67
26760000,145.45
26820000,146.66
26880000,147.38
26940000,147.13
27000000,152.92
27060000,151.72
27120000,150.86
27180000,148.03
27240000,149.32
27300000,150.32
27360000,153.17
27420000,153.24
27480000,150.86
27540000,154.47
27600000,152.76
27660000,155.29
27720000,154.94
27780000,155.37
27840000,154.91
27900000,152.66
27960000,151.26
28020000,150.46
28080000,148.41
28140000,148.04
28200000,147.56
28260000,147.69
28320000,148.26
28380000,145.94
28440000,146.41
28500000,146.11
28560000,143.98
28620000,144.85
28680000,147.35
28740000,146.07
28800000,145.48
28860000,142.69
28920000,143.33
28980000,142.87
29040000,142.47
29100000,141.42
29160000,142.48
29220000,142.21
29280000,144.66
29340000,144.41
29400000,144.50
29460000,141.78
29520000,141.06
29580000,140.69
29640000,141.43
29700000,140.27
29760000,139.34
29820000,139.77
29880000,137.28
29940000,136.64
30000000,139.69
30060000,141.23
30120000,141.31
30180000,140.48
30240000,140.30
30300000,144.15
30360000,146.51
30420000,147.36
30480000,146.54
30540000,147.09
30600000,147.61
30660000,147.53
30720000,150.88
30780000,150.07
30840000,151.25
30900000,146.26
30960000,148.73
31020000,148.42
31080000,151.36
31140000,148.98
31200000,147.82
31260000,146.54
31320000,148.67
31380000,151.65
31440000,152.74
31500000,151.07
31560000,148.43
31620000,146.52
31680000,145.98
31740000,146.32
31800000,147.61
31860000,148.97
31920000,145.22
31980000,149.03
32040000,148.00
32100000,149.08
32160000,149.88
32220000,150.83
32280000,148.59
32340000,148.08
32400000,144.99
32460000,143.47
32520000,142.72
32580000,141.62
32640000,140.29
32700000,140.78
32760000,139.87
32820000,140.66
32880000,141.52
32940000,140.37
33000000,139.24
33060000,139.22
33120000,137.96
33180000,136.74
33240000,140.90
33300000,142.22
33360000,140.56
33420000,139.18
33480000,138.11
33540000,138.12
33600000,139.91
33660000,140.74
33720000,140.41
33780000,144.21
33840000,143.50
33900000,143.43
33960000,143.94
34020000,141.17
34080000,140.28
34140000,142.83
34200000,144.02
34260000,145.57
34320000,143.61
34380000,140.99
34440000,137.62
34500000,137.88
34560000,135.78
34620000,135.76
34680000,138.93
34740000,138.92
34800000,140.76
34860000,138.51
34920000,136.90
34980000,138.11
35040000,138.88
35100000,139.09
35160000,140.77
35220000,144.30
35280000,146.54
35340000,141.57
35400000,140.47
35460000,138.61
35520000,140.58
35580000,144.13
35640000,142.80
35700000,140.39
35760000,141.80
35820000,142.30
35880000,140.58
35940000,141.37
36000000,142.48
36060000,141.92
36120000,143.75
36180000,141.12
36240000,138.87
36300000,138.32
36360000,138.26
36420000,136.24
36480000,138.15
36540000,141.35
36600000,141.70
36660000,142.53
36720000,144.71
36780000,142.64
36840000,144.25
36900000,147.31
36960000,148.48
37020000,144.89
37080000,148.84
37140000,145.89
37200000,147.37
37260000,148.10
37320000,149.74
37380000,147.46
37440000,152.56
37500000,153.78
37560000,152.64
37620000,154.49
37680000,153.23
37740000,150.12
37800000,149.46
37860000,149.35
37920000,146.65
37980000,145.17
38040000,144.82
38100000,142.29
38160000,141.05
38220000,141.58
38280000,140.72
38340000,141.48
38400000,141.21
38460000,142.02
38520000,141.25
38580000,139.76
38640000,135.62
38700000,135.98
38760000,136.80
38820000,136.82
38880000,136.23
38940000,135.86
39000000,135.31
39060000,135.90
39120000,135.53
39180000,136.20
39240000,135.15
39300000,136.02
39360000,135.53
39420000,137.76
39480000,137.24
39540000,137.69
39600000,134.32
39660000,133.63
39720000,134.73
39780000,135.69
39840000,137.28
39900000,134.11
39960000,134.28
40020000,133.19
40080000,133.90
40140000,135.31
40200000,137.05
40260000,135.62
40320000,135.73
40380000,135.54
40440000,135.08
40500000,137.43
40560000,137.98
40620000,135.53
40680000,137.21
40740000,139.49
40800000,140.14
40860000,138.61
40920000,138.39
40980000,135.30
41040000,135.26
41100000,136.64
41160000,136.00
41220000,134.67
41280000,131.06
41340000,128.84
41400000,128.16
41460000,129.32
41520000,129.16
41580000,129.60
41640000,130.33
41700000,131.36
41760000,129.65
41820000,127.80
41880000,128.29
41940000,128.47
42000000,130.12
42060000,130.57
42120000,129.05
42180000,131.32
42240000,133.80
42300000,132.52
42360000,132.89
42420000,133.57
42480000,136.20
42540000,135.76
42600000,135.07
42660000,134.40
42720000,136.10
42780000,136.32
42840000,136.02
42900000,133.79
42960000,134.67
43020000,137.22
43080000,134.18
43140000,131.72
43200000,132.02
43260000,133.58
43320000,131.49
43380000,133.24
43440000,132.50
43500000,134.40
43560000,134.49
43620000,136.01
43680000,136.93
43740000,137.50
43800000,137.65
43860000,137.05
43920000,135.92
43980000,135.19
44040000,135.37
44100000,135.51
44160000,135.55
44220000,137.26
44280000,137.92
44340000,136.16
44400000,136.08
44460000,135.25
44520000,137.42
44580000,134.75
44640000,133.12
44700000,132.13
44760000,131.46
44820000,130.53
44880000,125.63
44940000,125.97
45000000,126.31
45060000,126.90
45120000,126.00
45180000,127.61
45240000,127.80
45300000,127.85
45360000,127.86
45420000,127.08
45480000,127.91
45540000,130.24
45600000,129.48
45660000,129.79
45720000,128.20
45780000,129.97
45840000,129.51
45900000,130.73
45960000,129.57
46020000,127.87
46080000,132.78
46140000,132.60
46200000,133.44
46260000,133.52
46320000,134.66
46380000,132.70
46440000,132.98
46500000,134.48
46560000,134.53
46620000,135.12
46680000,134.81
46740000,135.48
46800000,137.54
46860000,135.66
46920000,136.56
46980000,133.81
47040000,134.61
47100000,132.66
47160000,132.81
47220000,133.23
47280000,131.94
47340000,127.85
47400000,126.86
47460000,127.15
47520000,129.59
47580000,129.73
47640000,130.64
47700000,127.02
47760000,126.34
47820000,123.53
47880000,122.43
47940000,122.79
48000000,120.07
48060000,120.51
48120000,119.83
48180000,121.44
48240000,121.43
48300000,120.87
48360000,121.49
48420000,122.40
48480000,124.20
48540000,127.59
48600000,128.16
48660000,129.56
48720000,124.65
48780000,126.13
48840000,124.79
48900000,128.01
48960000,130.33
49020000,127.51
49080000,130.08
49140000,129.99
49200000,131.68
49260000,130.87
49320000,130.53
49380000,128.49
49440000,127.71
49500000,127.42
49560000,127.02
49620000,125.51
49680000,123.64
49740000,122.06
49800000,122.24
49860000,121.12
49920000,122.27
49980000,118.86
50040000,120.30
50100000,119.00
50160000,117.77
50220000,118.74
50280000,118.42
50340000,116.60
50400000,115.49
50460000,116.84
50520000,115.29
50580000,116.32
50640000,116.49
50700000,118.46
50760000,117.63
50820000,118.30
50880000,118.69
50940000,119.17
51000000,118.62
51060000,119.13
51120000,120.30
51180000,120.25
51240000,117.97
51300000,120.90
51360000,119.05
51420000,120.10
51480000,117.27
51540000,117.46
51600000,115.85
51660000,113.46
51720000,114.16
51780000,113.99
51840000,112.30
51900000,114.06
51960000,115.01
52020000,115.61
52080000,116.95
52140000,116.68
52200000,116.24
52260000,116.88
52320000,115.16
52380000,117.42
52440000,117.36
52500000,114.34
52560000,114.36
52620000,115.52
52680000,116.80
52740000,118.65
52800000,119.44
52860000,121.76
52920000,123.27
52980000,122.85
53040000,122.26
53100000,120.56
53160000,119.33
53220000,117.59
53280000,114.93
53340000,114.71
53400000,116.04
53460000,115.11
53520000,114.91
53580000,114.39
53640000,112.31
53700000,115.07
53760000,115.64
53820000,113.60
53880000,112.60
53940000,110.89
54000000,112.44
54060000,110.87
54120000,111.36
54180000,112.55
54240000,114.66
54300000,115.31
54360000,117.70
54420000,121.45
54480000,121.89
54540000,123.03
54600000,123.81
54660000,125.22
54720000,126.90
54780000,125.36
54840000,127.71
54900000,124.44
54960000,124.58
55020000,124.40
55080000,125.98
55140000,127.69
55200000,125.89
55260000,126.95
55320000,123.41
55380000,121.38
55440000,120.49
55500000,119.52
55560000,115.49
55620000,112.99
55680000,111.30
55740000,109.25
55800000,107.66
55860000,107.19
55920000,107.45
55980000,105.13
56040000,103.75
56100000,105.20
56160000,104.75
56220000,105.44
56280000,105.71
56340000,104.36
56400000,105.85
56460000,106.56
56520000,107.99
56580000,109.86
56640000,109.88
56700000,111.55
56760000,113.40
56820000,113.04
56880000,113.75
56940000,115.20
57000000,116.00
57060000,118.29
57120000,117.66
57180000,120.91
57240000,121.15
57300000,122.63
57360000,122.33
57420000,120.90
57480000,123.40
57540000,124.49
57600000,121.92
57660000,121.58
57720000,122.36
57780000,123.49
57840000,121.21
57900000,124.10
57960000,122.80
58020000,121.05
58080000,121.83
58140000,119.46
58200000,119.24
58260000,115.23
58320000,116.31
58380000,116.02
58440000,117.21
58500000,118.36
58560000,121.75
58620000,122.10
58680000,123.22
58740000,120.89
58800000,121.31
58860000,121.80
58920000,123.22
58980000,121.64
59040000,123.39
59100000,121.68
59160000,124.46
59220000,125.21
59280000,127.70
59340000,128.64
59400000,129.90
59460000,131.74
59520000,133.01
59580000,133.90
59640000,133.90
59700000,133.29
59760000,131.67
59820000,134.25
59880000,133.84
59940000,136.64
60000000,138.74
60060000,140.67
60120000,138.63
60180000,137.92
60240000,139.82
60300000,138.90
60360000,138.63
60420000,141.82
60480000,141.31
60540000,144.37
60600000,144.77
60660000,145.29
60720000,145.09
60780000,144.19
60840000,145.59
60900000,144.41
60960000,141.92
61020000,142.01
61080000,142.45
61140000,143.79
61200000,145.96
61260000,141.91
61320000,142.53
61380000,144.31
61440000,145.86
61500000,147.93
61560000,147.39
61620000,146.21
61680000,145.67
61740000,142.71
61800000,142.02
61860000,139.34
61920000,142.45
61980000,140.12
62040000,139.51
62100000,138.73
62160000,140.13
62220000,141.38
62280000,140.89
62340000,138.55
62400000,139.01
62460000,141.95
62520000,142.60
62580000,142.86
62640000,139.42
62700000,139.55
62760000,137.71
62820000,140.10
62880000,138.68
62940000,141.23
63000000,139.52
63060000,137.20
63120000,135.10
63180000,136.53
63240000,136.93
63300000,137.13
63360000,137.91
63420000,138.30
63480000,136.28
63540000,137.05
63600000,136.97
63660000,138.20
63720000,137.38
63780000,140.25
63840000,140.64
63900000,140.57
63960000,139.94
64020000,144.16
64080000,144.16
64140000,142.70
64200000,143.56
64260000,147.45
64320000,149.92
64380000,152.07
64440000,153.69
64500000,154.37
64560000,155.65
64620000,155.22
64680000,154.32
64740000,153.61
64800000,153.72
64860000,152.81
64920000,152.18
64980000,150.86
65040000,149.59
65100000,148.88
65160000,151.05
65220000,148.25
65280000,146.89
65340000,145.71
65400000,147.70
65460000,149.09
65520000,148.70
65580000,146.66
65640000,146.31
65700000,146.12
65760000,144.54
65820000,145.23
65880000,148.50
65940000,151.86
66000000,150.79
66060000,150.98
66120000,150.87
66180000,151.07
66240000,153.08
66300000,153.58
66360000,152.02
66420000,153.03
66480000,155.71
66540000,158.43
66600000,159.79
66660000,155.21
66720000,155.27
66780000,157.24
66840000,157.44
66900000,157.21
66960000,156.01
67020000,154.13
67080000,155.65
67140000,151.33
67200000,150.73
67260000,150.47
67320000,155.45
67380000,152.76
67440000,148.93
67500000,148.34
67560000,149.59
67620000,151.24
67680000,150.71
67740000,149.03
67800000,147.43
67860000,149.38
67920000,146.29
67980000,147.53
68040000,147.11
68100000,147.27
68160000,146.60
68220000,148.03
68280000,148.96
68340000,147.48
68400000,149.96
68460000,150.10
68520000,146.37
68580000,150.42
68640000,151.17
68700000,151.95
68760000,152.41
68820000,149.21
68880000,150.18
68940000,151.59
69000000,153.24
69060000,156.93
69120000,159.13
69180000,154.95
69240000,153.05
69300000,153.20
69360000,154.00
69420000,155.11
69480000,157.41
69540000,158.64
69600000,155.83
69660000,154.63
69720000,155.43
69780000,155.99
69840000,157.46
69900000,157.48
69960000,156.08
70020000,159.22
70080000,156.93
70140000,155.73
70200000,156.43
70260000,155.49
70320000,155.25
70380000,158.48
70440000,158.74
70500000,161.26
70560000,160.22
70620000,156.03
70680000,153.68
70740000,153.13
70800000,156.56
70860000,155.83
70920000,156.00
70980000,156.53
71040000,155.66
71100000,154.43
71160000,153.57
71220000,152.93
71280000,155.00
71340000,154.12
71400000,152.11
71460000,151.50
71520000,152.13
71580000,149.41
71640000,149.25
71700000,148.90
71760000,147.59
71820000,147.72
71880000,146.02
71940000,146.76
72000000,144.59
72060000,145.22
72120000,145.74
72180000,144.70
72240000,145.29
72300000,148.74
72360000,149.61
72420000,148.92
72480000,147.24
72540000,149.95
72600000,149.56
72660000,149.07
72720000,147.46
72780000,149.53
72840000,151.14
72900000,148.58
72960000,150.86
73020000,152.59
73080000,154.98
73140000,152.75
73200000,152.01
73260000,152.80
73320000,150.94
73380000,147.95
73440000,147.70
73500000,146.92
73560000,144.41
73620000,141.46
73680000,140.76
73740000,137.03
73800000,138.05
73860000,138.73
73920000,137.37
73980000,136.93
74040000,135.91
74100000,135.85
74160000,136.01
74220000,135.27
74280000,135.50
74340000,138.01
74400000,139.79
74460000,137.92
74520000,139.12
74580000,140.92
74640000,141.22
74700000,142.31
74760000,144.32
74820000,146.73
74880000,146.51
74940000,147.09
75000000,146.05
75060000,145.89
75120000,148.71
75180000,148.48
75240000,148.65
75300000,149.21
75360000,149.54
75420000,146.68
75480000,146.66
75540000,146.32
75600000,145.20
75660000,141.51
75720000,141.64
75780000,142.93
75840000,142.36
75900000,143.08
75960000,141.05
76020000,141.52
76080000,144.09
76140000,144.03
76200000,144.73
76260000,146.62
76320000,145.23
76380000,146.32
76440000,144.14
76500000,142.04
76560000,143.52
76620000,144.68
76680000,146.28
76740000,146.63
76800000,143.82
76860000,145.02
76920000,146.51
76980000,142.65
77040000,144.25
77100000,144.13
77160000,144.97
77220000,145.21
77280000,145.41
77340000,142.78
77400000,143.29
77460000,142.77
77520000,143.25
77580000,142.25
77640000,143.19
77700000,144.43
77760000,146.25
77820000,147.86
77880000,148.87
77940000,147.01
78000000,147.10
78060000,148.78
78120000,146.22
78180000,150.09
78240000,149.99
78300000,148.43
78360000,148.36
78420000,147.06
78480000,147.52
78540000,148.64
78600000,147.65
78660000,148.67
78720000,148.34
78780000,148.76
78840000,149.24
78900000,151.40
78960000,152.02
79020000,150.44
79080000,149.79
79140000,150.47
79200000,151.60
79260000,153.68
79320000,156.88
79380000,155.94
79440000,155.25
79500000,156.52
79560000,154.46
79620000,152.84
79680000,152.40
79740000,151.72
79800000,154.22
79860000,154.70
79920000,156.91
79980000,158.15
80040000,162.34
80100000,161.96
80160000,159.94
80220000,162.66
80280000,161.04
80340000,162.28
80400000,162.69
80460000,160.12
80520000,159.87
80580000,158.44
80640000,159.84
80700000,162.38
80760000,162.94
80820000,165.22
80880000,162.93
80940000,166.95
81000000,167.17
81060000,165.25
81120000,167.43
81180000,166.75
81240000,165.35
81300000,161.22
81360000,159.37
81420000,159.36
81480000,160.83
81540000,158.24
81600000,160.30
81660000,163.91
81720000,164.04
81780000,165.21
81840000,164.10
81900000,161.10
81960000,160.93
82020000,161.42
82080000,162.41
82140000,161.78
82200000,162.03
82260000,161.93
82320000,159.16
82380000,159.67
82440000,161.92
82500000,167.18
82560000,169.09
82620000,166.32
82680000,169.46
82740000,171.85
82800000,167.21
82860000,167.27
82920000,168.80
82980000,170.30
83040000,170.57
83100000,172.68
83160000,170.38
83220000,171.41
83280000,172.19
83340000,169.64
83400000,167.68
83460000,166.30
83520000,167.06
83580000,168.27
83640000,165.65
83700000,161.86
83760000,162.33
83820000,162.47
83880000,159.51
83940000,158.70
84000000,160.33
84060000,157.87
84120000,154.25
84180000,152.91
84240000,151.42
84300000,153.28
84360000,156.03
84420000,156.69
84480000,155.91
84540000,154.19
84600000,153.84
84660000,156.11
84720000,155.17
84780000,154.69
84840000,153.15
84900000,156.36
84960000,154.17
85020000,151.40
85080000,150.04
85140000,151.81
85200000,153.53
85260000,153.40
85320000,152.01
85380000,152.90
85440000,154.90
85500000,153.10
85560000,150.31
85620000,149.48
85680000,148.16
85740000,152.29
85800000,153.21
85860000,149.19
85920000,152.95
85980000,152.29
86040000,155.13
86100000,153.38
86160000,154.00
86220000,154.44
86280000,154.37
86340000,154.48
