#parameter:Th0_B4
#unit:deg
#date:20241116
#sensor:direction
#Time in ms since start of day
0,266.16
60000,278.59
120000,277.98
180000,275.69
240000,274.35
300000,279.51
360000,274.68
420000,273.60
480000,277.24
540000,278.82
600000,276.92
660000,267.88
720000,278.98
780000,277.54
840000,278.24
900000,275.87
960000,285.84
1020000,282.67
1080000,283.18
1140000,282.53
1200000,285.93
1260000,283.57
1320000,278.69
1380000,283.42
1440000,287.64
1500000,282.72
1560000,285.55
1620000,284.36
1680000,284.97
1740000,285.72
1800000,288.21
1860000,286.99
1920000,279.49
1980000,280.25
2040000,285.67
2100000,279.67
2160000,277.50
2220000,270.03
2280000,280.74
2340000,280.59
2400000,280.12
2460000,281.28
2520000,284.77
2580000,276.75
2640000,285.28
2700000,280.34
2760000,281.25
2820000,276.65
2880000,280.10
2940000,276.15
3000000,273.71
3060000,275.44
3120000,279.54
3180000,285.24
3240000,287.03
3300000,275.28
3360000,282.27
3420000,276.09
3480000,276.55
3540000,292.14
3600000,272.04
3660000,277.46
3720000,270.65
3780000,290.43
3840000,269.52
3900000,269.53
3960000,287.12
4020000,284.06
4080000,272.73
4140000,288.07
4200000,288.28
4260000,287.10
4320000,281.27
4380000,273.91
4440000,285.83
4500000,282.04
4560000,289.01
4620000,286.58
4680000,285.05
4740000,282.55
4800000,287.45
4860000,278.05
4920000,280.17
4980000,286.53
5040000,283.30
5100000,281.71
5160000,285.42
5220000,284.17
5280000,288.20
5340000,285.95
5400000,288.49
5460000,285.23
5520000,285.52
5580000,287.92
5640000,284.86
5700000,286.58
5760000,282.39
5820000,276.97
5880000,285.00
5940000,283.26
6000000,285.00
6060000,288.34
6120000,270.04
6180000,280.82
6240000,278.28
6300000,268.39
6360000,270.07
6420000,264.25
6480000,267.59
6540000,273.12
6600000,271.69
6660000,271.46
6720000,282.54
6780000,274.38
6840000,273.14
6900000,265.51
6960000,272.01
7020000,272.67
7080000,273.92
7140000,276.35
7200000,277.48
7260000,275.55
7320000,283.09
7380000,280.53
7440000,276.90
7500000,282.18
7560000,280.73
7620000,278.41
7680000,279.86
7740000,280.64
7800000,278.61
7860000,282.09
7920000,282.05
7980000,277.48
8040000,276.20
8100000,278.58
8160000,278.63
8220000,285.30
8280000,282.64
8340000,280.31
8400000,290.67
8460000,283.54
8520000,278.05
8580000,283.47
8640000,283.86
8700000,280.06
8760000,283.15
8820000,281.80
8880000,280.22
8940000,280.66
9000000,284.71
9060000,276.19
9120000,282.00
9180000,276.40
9240000,279.68
9300000,277.92
9360000,281.15
9420000,280.74
9480000,278.79
9540000,281.26
9600000,282.81
9660000,286.11
9720000,288.60
9780000,285.25
9840000,284.70
9900000,285.74
9960000,280.47
10020000,283.72
10080000,285.21
10140000,284.38
10200000,290.27
10260000,285.14
10320000,288.37
10380000,286.51
10440000,282.39
10500000,283.76
10560000,285.20
10620000,279.25
10680000,279.13
10740000,283.33
10800000,284.51
10860000,276.82
10920000,280.28
10980000,280.53
11040000,276.15
11100000,280.62
11160000,280.50
11220000,285.77
11280000,279.23
11340000,279.69
11400000,273.94
11460000,280.32
11520000,279.94
11580000,288.80
11640000,275.84
11700000,287.31
11760000,284.92
11820000,279.02
11880000,277.88
11940000,273.04
12000000,278.19
12060000,268.76
12120000,277.93
12180000,266.59
12240000,264.02
12300000,268.75
12360000,281.85
12420000,265.67
12480000,265.67
12540000,283.44
12600000,280.70
12660000,266.71
12720000,282.56
12780000,279.73
12840000,282.05
12900000,274.61
12960000,277.65
13020000,276.73
13080000,273.96
13140000,276.17
13200000,273.15
13260000,277.29
13320000,277.47
13380000,275.15
13440000,282.38
13500000,276.45
13560000,274.31
13620000,278.29
13680000,280.03
13740000,272.92
13800000,278.39
13860000,277.21
13920000,275.40
13980000,276.57
14040000,279.81
14100000,276.95
14160000,274.32
14220000,277.92
14280000,277.56
14340000,270.25
14400000,274.34
14460000,275.87
14520000,268.12
14580000,268.86
14640000,271.73
14700000,267.26
14760000,264.35
14820000,267.54
14880000,264.90
14940000,262.88
15000000,263.77
15060000,263.36
15120000,261.81
15180000,269.28
15240000,267.57
15300000,263.47
15360000,272.27
15420000,266.29
15480000,270.63
15540000,273.31
15600000,270.44
15660000,273.49
15720000,272.44
15780000,277.17
15840000,275.88
15900000,270.33
15960000,272.10
16020000,270.38
16080000,268.57
16140000,266.71
16200000,272.74
16260000,271.75
16320000,266.34
16380000,269.31
16440000,280.63
16500000,277.66
16560000,269.39
16620000,277.04
16680000,273.16
16740000,265.55
16800000,262.32
16860000,264.08
16920000,263.15
16980000,261.57
17040000,264.25
17100000,263.96
17160000,264.73
17220000,269.22
17280000,267.01
17340000,272.67
17400000,266.28
17460000,267.57
17520000,271.12
17580000,266.88
17640000,267.38
17700000,266.59
17760000,267.33
17820000,274.50
17880000,269.14
17940000,270.67
18000000,269.43
18060000,266.76
18120000,271.99
18180000,272.88
18240000,276.43
18300000,275.77
18360000,270.33
18420000,274.04
18480000,276.34
18540000,273.75
18600000,272.62
18660000,275.34
18720000,276.82
18780000,267.04
18840000,273.93
18900000,274.03
18960000,273.43
19020000,266.72
19080000,273.12
19140000,273.52
19200000,265.03
19260000,275.12
19320000,270.96
19380000,270.57
19440000,276.28
19500000,274.71
19560000,268.32
19620000,272.66
19680000,273.95
19740000,271.52
19800000,265.96
19860000,272.95
19920000,271.40
19980000,266.29
20040000,267.97
20100000,259.96
20160000,266.48
20220000,280.71
20280000,261.56
20340000,272.55
20400000,266.62
20460000,272.80
20520000,278.88
20580000,276.50
20640000,269.43
20700000,283.61
20760000,279.72
20820000,274.11
20880000,284.95
20940000,266.83
21000000,274.62
21060000,269.36
21120000,269.38
21180000,270.09
21240000,271.50
21300000,271.66
21360000,264.88
21420000,274.03
21480000,277.91
21540000,268.48
21600000,271.73
21660000,271.23
21720000,269.45
21780000,271.10
21840000,273.26
21900000,271.86
21960000,266.94
22020000,273.47
22080000,272.50
22140000,267.70
22200000,270.23
22260000,267.07
22320000,266.02
22380000,272.33
22440000,273.56
22500000,265.79
22560000,262.97
22620000,262.87
22680000,268.40
22740000,261.55
22800000,259.65
22860000,265.88
22920000,266.68
22980000,261.49
23040000,272.00
23100000,271.08
23160000,263.38
23220000,270.59
23280000,270.53
23340000,271.76
23400000,263.07
23460000,264.86
23520000,267.07
23580000,264.84
23640000,273.26
23700000,273.52
23760000,278.29
23820000,281.15
23880000,271.69
23940000,274.33
24000000,271.98
24060000,274.92
24120000,274.23
24180000,273.51
24240000,272.60
24300000,274.56
24360000,279.40
24420000,276.63
24480000,270.84
24540000,270.09
24600000,265.15
24660000,267.07
24720000,269.27
24780000,261.97
24840000,261.82
24900000,261.88
24960000,266.16
25020000,257.12
25080000,251.06
25140000,257.70
25200000,257.22
25260000,253.76
25320000,254.09
25380000,254.97
25440000,255.04
25500000,258.11
25560000,254.20
25620000,259.95
25680000,261.30
25740000,254.14
25800000,258.87
25860000,256.38
25920000,258.08
25980000,260.79
26040000,259.90
26100000,266.21
26160000,263.84
26220000,266.59
26280000,268.97
26340000,267.88
26400000,266.20
26460000,266.82
26520000,269.00
26580000,263.52
26640000,266.83
26700000,265.77
26760000,261.31
26820000,264.44
26880000,265.05
26940000,263.76
27000000,259.67
27060000,260.53
27120000,262.95
27180000,273.28
27240000,273.96
27300000,264.16
27360000,263.45
27420000,260.85
27480000,271.21
27540000,269.29
27600000,263.95
27660000,260.66
27720000,260.78
27780000,263.39
27840000,261.10
27900000,260.60
27960000,270.43
28020000,281.56
28080000,261.35
28140000,263.60
28200000,263.38
28260000,263.32
28320000,261.77
28380000,279.69
28440000,262.32
28500000,260.35
28560000,281.99
28620000,268.62
28680000,275.79
28740000,275.20
28800000,269.01
28860000,282.82
28920000,279.91
28980000,267.38
29040000,276.37
29100000,278.50
29160000,281.20
29220000,277.37
29280000,285.18
29340000,283.23
29400000,274.93
29460000,283.71
29520000,280.90
29580000,276.41
29640000,278.61
29700000,283.27
29760000,293.31
29820000,273.64
29880000,273.74
29940000,280.08
30000000,293.77
30060000,288.76
30120000,263.36
30180000,295.02
30240000,294.15
30300000,274.31
30360000,288.89
30420000,250.92
30480000,283.00
30540000,280.88
30600000,249.60
30660000,251.68
30720000,252.38
30780000,288.24
30840000,249.54
30900000,276.81
30960000,280.64
31020000,253.32
31080000,280.43
31140000,282.66
31200000,276.45
31260000,272.28
31320000,279.10
31380000,280.56
31440000,276.29
31500000,274.86
31560000,281.19
31620000,275.29
31680000,271.37
31740000,279.76
31800000,273.67
31860000,265.53
31920000,273.04
31980000,276.64
32040000,285.80
32100000,285.20
32160000,272.29
32220000,274.06
32280000,286.91
32340000,287.48
32400000,272.32
32460000,284.19
32520000,285.94
32580000,274.42
32640000,273.23
32700000,280.36
32760000,270.12
32820000,271.80
32880000,273.07
32940000,270.71
33000000,277.23
33060000,285.58
33120000,283.63
33180000,275.29
33240000,275.27
33300000,272.94
33360000,290.33
33420000,288.07
33480000,277.20
33540000,280.92
33600000,277.21
33660000,276.06
33720000,273.22
33780000,277.02
33840000,273.37
33900000,273.21
33960000,270.59
34020000,276.37
34080000,274.41
34140000,269.90
34200000,269.72
34260000,269.88
34320000,265.90
34380000,266.11
34440000,272.23
34500000,267.90
34560000,264.79
34620000,266.16
34680000,266.57
34740000,266.50
34800000,266.88
34860000,269.69
34920000,269.05
34980000,266.54
35040000,268.01
35100000,265.92
35160000,261.94
35220000,279.10
35280000,267.63
35340000,266.94
35400000,282.06
35460000,278.56
35520000,278.14
35580000,284.69
35640000,283.51
35700000,277.50
35760000,286.18
35820000,281.39
35880000,275.72
35940000,275.60
36000000,279.03
36060000,271.51
36120000,273.91
36180000,284.12
36240000,280.37
36300000,277.53
36360000,278.95
36420000,286.47
36480000,278.77
36540000,276.20
36600000,274.48
36660000,274.02
36720000,264.12
36780000,275.20
36840000,288.98
36900000,268.09
36960000,279.48
37020000,262.36
37080000,269.47
37140000,284.08
37200000,287.43
37260000,266.37
37320000,283.18
37380000,285.53
37440000,287.94
37500000,267.79
37560000,287.82
37620000,287.74
37680000,267.46
37740000,281.29
37800000,286.90
37860000,256.76
37920000,260.71
37980000,264.99
38040000,261.91
38100000,257.31
38160000,288.44
38220000,290.41
38280000,259.23
38340000,289.37
38400000,292.45
38460000,283.07
38520000,293.38
38580000,293.55
38640000,290.08
38700000,293.17
38760000,297.20
38820000,290.91
38880000,282.77
38940000,295.29
39000000,298.45
39060000,296.89
39120000,296.82
39180000,299.11
39240000,291.47
39300000,278.15
39360000,285.40
39420000,283.92
39480000,278.79
39540000,281.90
39600000,286.43
39660000,286.62
39720000,276.34
39780000,277.18
39840000,276.75
39900000,275.13
39960000,273.63
40020000,277.87
40080000,274.10
40140000,277.22
40200000,279.25
40260000,275.67
40320000,277.43
40380000,275.29
40440000,283.30
40500000,277.68
40560000,276.56
40620000,282.53
40680000,277.64
40740000,295.34
40800000,280.33
40860000,276.87
40920000,274.18
40980000,283.70
41040000,286.79
41100000,277.37
41160000,281.93
41220000,283.07
41280000,280.23
41340000,282.51
41400000,283.90
41460000,286.55
41520000,298.47
41580000,296.85
41640000,285.19
41700000,297.83
41760000,295.35
41820000,291.24
41880000,285.96
41940000,281.82
42000000,275.22
42060000,282.51
42120000,281.53
42180000,285.94
42240000,282.76
42300000,281.08
42360000,281.31
42420000,281.25
42480000,286.19
42540000,283.56
42600000,279.80
42660000,266.58
42720000,282.98
42780000,282.83
42840000,280.13
42900000,280.00
42960000,279.83
43020000,278.54
43080000,282.69
43140000,280.32
43200000,284.91
43260000,264.68
43320000,283.10
43380000,283.63
43440000,281.23
43500000,284.11
43560000,281.88
43620000,280.40
43680000,287.30
43740000,282.06
43800000,285.28
43860000,286.64
43920000,289.57
43980000,289.29
44040000,278.02
44100000,288.72
44160000,284.21
44220000,282.42
44280000,283.05
44340000,287.55
44400000,284.50
44460000,281.59
44520000,286.49
44580000,287.51
44640000,287.63
44700000,285.31
44760000,285.02
44820000,285.73
44880000,289.95
44940000,294.16
45000000,287.49
45060000,287.65
45120000,286.34
45180000,289.48
45240000,290.01
45300000,291.10
45360000,290.33
45420000,285.74
45480000,287.95
45540000,286.96
45600000,287.05
45660000,288.05
45720000,283.90
45780000,278.59
45840000,272.30
45900000,286.50
45960000,293.57
46020000,282.85
46080000,286.23
46140000,289.31
46200000,288.63
46260000,275.39
46320000,280.18
46380000,289.96
46440000,293.99
46500000,289.00
46560000,292.15
46620000,292.27
46680000,278.79
46740000,291.39
46800000,277.90
46860000,277.04
46920000,282.84
46980000,276.30
47040000,275.92
47100000,276.54
47160000,288.58
47220000,278.30
47280000,279.78
47340000,283.39
47400000,285.73
47460000,279.28
47520000,279.50
47580000,285.98
47640000,284.94
47700000,280.86
47760000,285.00
47820000,284.25
47880000,279.12
47940000,287.57
48000000,284.60
48060000,281.06
48120000,284.18
48180000,283.65
48240000,283.71
48300000,294.24
48360000,286.63
48420000,277.51
48480000,280.04
48540000,281.40
48600000,276.12
48660000,276.65
48720000,286.39
48780000,281.28
48840000,279.63
48900000,284.31
48960000,286.50
49020000,281.16
49080000,284.74
49140000,289.42
49200000,287.88
49260000,286.82
49320000,285.83
49380000,288.65
49440000,285.14
49500000,283.36
49560000,285.77
49620000,287.58
49680000,288.15
49740000,289.09
49800000,289.14
49860000,286.98
49920000,285.85
49980000,290.37
50040000,289.55
50100000,287.73
50160000,295.14
50220000,290.77
50280000,292.05
50340000,293.18
50400000,288.12
50460000,286.14
50520000,293.10
50580000,290.22
50640000,291.55
50700000,290.55
50760000,290.76
50820000,286.36
50880000,285.11
50940000,298.88
51000000,286.27
51060000,285.67
51120000,296.06
51180000,290.06
51240000,292.09
51300000,286.44
51360000,304.72
51420000,281.98
51480000,297.30
51540000,286.28
51600000,285.62
51660000,293.16
51720000,285.56
51780000,285.26
51840000,287.11
51900000,280.24
51960000,281.74
52020000,284.69
52080000,281.76
52140000,275.38
52200000,280.28
52260000,284.55
52320000,287.69
52380000,282.60
52440000,273.12
52500000,281.68
52560000,295.66
52620000,294.24
52680000,281.93
52740000,294.53
52800000,289.65
52860000,274.88
52920000,294.20
52980000,293.54
53040000,275.77
53100000,281.38
53160000,285.91
53220000,282.61
53280000,276.10
53340000,309.56
53400000,275.40
53460000,278.41
53520000,309.13
53580000,274.53
53640000,293.52
53700000,279.91
53760000,285.77
53820000,284.88
53880000,294.73
53940000,295.25
54000000,284.19
54060000,290.54
54120000,276.79
54180000,291.02
54240000,292.51
54300000,294.14
54360000,311.16
54420000,290.46
54480000,287.70
54540000,292.43
54600000,286.26
54660000,291.40
54720000,290.65
54780000,289.15
54840000,291.52
54900000,289.40
54960000,289.20
55020000,288.55
55080000,285.43
55140000,286.17
55200000,285.85
55260000,287.40
55320000,285.94
55380000,286.24
55440000,287.93
55500000,285.24
55560000,290.90
55620000,289.44
55680000,288.12
55740000,295.05
55800000,285.05
55860000,300.14
55920000,295.29
55980000,281.05
56040000,287.83
56100000,294.12
56160000,299.16
56220000,292.44
56280000,295.47
56340000,290.52
56400000,295.03
56460000,285.46
56520000,295.34
56580000,297.20
56640000,283.79
56700000,280.98
56760000,287.15
56820000,287.04
56880000,293.17
56940000,295.13
57000000,299.54
57060000,276.13
57120000,280.19
57180000,288.06
57240000,275.95
57300000,290.95
57360000,290.74
57420000,280.43
57480000,278.83
57540000,280.98
57600000,286.31
57660000,276.20
57720000,279.75
57780000,280.07
57840000,281.82
57900000,300.54
57960000,286.16
58020000,286.22
58080000,286.40
58140000,285.29
58200000,288.12
58260000,284.57
58320000,290.11
58380000,295.62
58440000,284.27
58500000,287.37
58560000,290.65
58620000,289.43
58680000,290.40
58740000,287.61
58800000,294.23
58860000,288.10
58920000,290.38
58980000,296.16
59040000,291.24
59100000,287.45
59160000,282.89
59220000,289.95
59280000,292.89
59340000,287.75
59400000,299.56
59460000,296.33
59520000,292.79
59580000,291.48
59640000,299.09
59700000,297.38
59760000,286.79
59820000,292.32
59880000,298.46
59940000,298.76
60000000,290.58
60060000,300.39
60120000,300.64
60180000,298.28
60240000,295.56
60300000,300.68
60360000,286.72
60420000,307.08
60480000,298.83
60540000,287.31
60600000,281.19
60660000,287.41
60720000,289.24
60780000,295.23
60840000,283.35
60900000,286.60
60960000,295.60
61020000,284.68
61080000,306.03
61140000,292.62
61200000,306.22
61260000,282.98
61320000,282.49
61380000,282.61
61440000,277.79
61500000,277.70
61560000,280.26
61620000,281.36
61680000,284.14
61740000,286.29
61800000,278.42
61860000,288.50
61920000,282.86
61980000,279.87
62040000,289.10
62100000,284.54
62160000,278.92
62220000,288.86
62280000,278.65
62340000,280.19
62400000,280.64
62460000,283.97
62520000,279.14
62580000,277.72
62640000,275.23
62700000,276.72
62760000,272.47
62820000,273.66
62880000,277.15
62940000,267.86
63000000,269.94
63060000,271.28
63120000,267.65
63180000,273.81
63240000,271.25
63300000,273.52
63360000,269.87
63420000,272.76
63480000,274.61
63540000,271.51
63600000,270.75
63660000,274.03
63720000,277.54
63780000,279.46
63840000,275.18
63900000,278.94
63960000,275.84
64020000,282.27
64080000,279.09
64140000,283.32
64200000,284.23
64260000,294.00
64320000,285.95
64380000,284.13
64440000,294.01
64500000,283.43
64560000,305.97
64620000,287.26
64680000,282.99
64740000,287.19
64800000,285.14
64860000,282.58
64920000,292.86
64980000,278.66
65040000,274.77
65100000,277.84
65160000,303.82
65220000,279.82
65280000,274.33
65340000,275.19
65400000,309.90
65460000,278.62
65520000,277.52
65580000,307.87
65640000,271.10
65700000,272.90
65760000,269.68
65820000,272.88
65880000,277.50
65940000,273.55
66000000,288.42
66060000,278.58
66120000,285.54
66180000,280.83
66240000,278.25
66300000,284.87
66360000,280.70
66420000,285.38
66480000,283.83
66540000,280.66
66600000,282.32
66660000,280.25
66720000,280.92
66780000,286.93
66840000,277.02
66900000,285.38
66960000,284.02
67020000,283.42
67080000,273.09
67140000,277.25
67200000,282.76
67260000,279.51
67320000,276.19
67380000,283.86
67440000,282.27
67500000,282.36
67560000,279.70
67620000,275.00
67680000,276.49
67740000,283.59
67800000,275.45
67860000,278.31
67920000,315.73
67980000,277.79
68040000,275.33
68100000,272.36
68160000,271.26
68220000,274.35
68280000,270.89
68340000,278.64
68400000,270.79
68460000,268.44
68520000,289.01
68580000,280.63
68640000,315.39
68700000,314.01
68760000,296.59
68820000,278.00
68880000,269.54
68940000,273.87
69000000,271.26
69060000,279.78
69120000,285.94
69180000,276.53
69240000,279.49
69300000,263.73
69360000,296.08
69420000,298.51
69480000,297.25
69540000,276.11
69600000,300.79
69660000,274.29
69720000,296.56
69780000,270.74
69840000,270.41
69900000,293.26
69960000,267.96
70020000,269.26
70080000,291.37
70140000,266.94
70200000,300.60
70260000,303.54
70320000,331.69
70380000,262.94
70440000,307.69
70500000,308.36
70560000,271.24
70620000,272.53
70680000,271.32
70740000,311.52
70800000,270.06
70860000,284.80
70920000,311.03
70980000,270.02
71040000,289.05
71100000,311.72
71160000,278.78
71220000,278.86
71280000,316.30
71340000,302.69
71400000,291.47
71460000,290.12
71520000,302.08
71580000,300.09
71640000,290.66
71700000,293.87
71760000,274.34
71820000,295.05
71880000,276.43
71940000,276.62
72000000,300.77
72060000,275.75
72120000,271.27
72180000,302.96
72240000,293.18
72300000,275.06
72360000,301.55
72420000,295.83
72480000,277.78
72540000,278.21
72600000,281.48
72660000,316.07
72720000,297.38
72780000,298.87
72840000,306.57
72900000,291.54
72960000,294.66
73020000,283.91
73080000,281.91
73140000,293.90
73200000,315.63
73260000,307.40
73320000,274.37
73380000,339.81
73440000,307.80
73500000,276.01
73560000,334.03
73620000,268.82
73680000,336.51
73740000,272.34
73800000,275.90
73860000,287.50
73920000,269.07
73980000,336.01
74040000,335.19
74100000,267.63
74160000,264.41
74220000,263.06
74280000,292.49
74340000,269.76
74400000,267.23
74460000,261.77
74520000,288.69
74580000,270.35
74640000,271.64
74700000,291.52
74760000,271.69
74820000,270.17
74880000,263.11
74940000,268.53
75000000,269.34
75060000,272.00
75120000,275.47
75180000,275.64
75240000,276.86
75300000,274.14
75360000,274.02
75420000,275.46
75480000,267.32
75540000,270.50
75600000,259.78
75660000,264.80
75720000,271.11
75780000,264.72
75840000,276.16
75900000,261.75
75960000,266.84
76020000,261.75
76080000,261.07
76140000,262.46
76200000,338.47
76260000,334.08
76320000,338.60
76380000,262.99
76440000,258.54
76500000,266.09
76560000,267.40
76620000,335.66
76680000,336.15
76740000,332.71
76800000,334.15
76860000,326.94
76920000,333.70
76980000,329.31
77040000,325.24
77100000,272.19
77160000,328.85
77220000,329.63
77280000,320.31
77340000,273.52
77400000,287.75
77460000,282.82
77520000,321.02
77580000,289.45
77640000,319.52
77700000,322.37
77760000,281.54
77820000,263.05
77880000,287.93
77940000,266.90
78000000,290.47
78060000,287.18
78120000,268.42
78180000,285.63
78240000,326.06
78300000,328.94
78360000,330.27
78420000,330.53
78480000,334.15
78540000,270.83
78600000,331.81
78660000,334.20
78720000,277.41
78780000,333.41
78840000,330.60
78900000,328.40
78960000,330.57
79020000,329.60
79080000,336.23
79140000,336.92
79200000,335.94
79260000,332.33
79320000,330.18
79380000,304.79
79440000,296.04
79500000,301.19
79560000,335.26
79620000,305.28
79680000,300.03
79740000,336.11
79800000,303.49
79860000,301.63
79920000,302.56
79980000,334.82
80040000,302.89
80100000,302.15
80160000,337.53
80220000,311.63
80280000,310.89
80340000,300.63
80400000,296.16
80460000,277.57
80520000,298.73
80580000,295.13
80640000,257.23
80700000,285.76
80760000,299.54
80820000,280.16
80880000,282.27
80940000,302.27
81000000,295.29
81060000,280.36
81120000,296.57
81180000,295.76
81240000,284.80
81300000,287.00
81360000,298.34
81420000,335.35
81480000,329.92
81540000,279.32
81600000,337.38
81660000,283.14
81720000,292.71
81780000,335.29
81840000,338.56
81900000,329.80
81960000,334.54
82020000,339.27
82080000,329.05
82140000,335.76
82200000,280.37
82260000,275.96
82320000,336.99
82380000,334.97
82440000,341.54
82500000,341.51
82560000,338.57
82620000,335.50
82680000,339.22
82740000,332.38
82800000,329.87
82860000,337.23
82920000,341.42
82980000,337.44
83040000,276.78
83100000,279.52
83160000,283.23
83220000,276.07
83280000,279.65
83340000,288.07
83400000,333.45
83460000,282.73
83520000,282.21
83580000,281.13
83640000,279.59
83700000,278.69
83760000,282.86
83820000,283.13
83880000,278.13
83940000,285.19
84000000,285.27
84060000,281.14
84120000,281.57
84180000,286.30
84240000,317.59
84300000,333.31
84360000,331.96
84420000,335.14
84480000,334.42
84540000,330.25
84600000,335.43
84660000,334.73
84720000,304.94
84780000,334.63
84840000,321.21
84900000,337.38
84960000,335.97
85020000,337.54
85080000,293.34
85140000,336.87
85200000,332.83
85260000,294.45
85320000,334.62
85380000,337.56
85440000,340.51
85500000,334.76
85560000,333.77
85620000,339.68
85680000,290.69
85740000,329.27
85800000,336.28
85860000,333.96
85920000,330.93
85980000,332.86
86040000,334.14
86100000,331.24
86160000,333.43
86220000,330.59
86280000,330.74
86340000,332.02
