2023-09-01T04:31:00.000Z 3  54.88471  13.85968 
2023-09-01T05:00:59.999Z 3  54.88473  13.85970 
2023-09-01T05:30:59.999Z 3  54.88470  13.85970 
2023-09-01T06:30:59.999Z 3  54.88473  13.85970 
2023-09-01T20:30:59.999Z 3  54.88482  13.85945 
2023-09-01T21:01:00.000Z 3  54.88482  13.85940 
2023-09-01T21:30:59.999Z 3  54.88481  13.85940 
2023-09-01T23:00:59.999Z 3  54.88482  13.85940 
2023-09-01T23:30:59.999Z 3  54.88484  13.85936 
2023-09-02T00:01:00.000Z 3  54.88485  13.85936 
2023-09-02T00:30:59.999Z 3  54.88485  13.85936 
2023-09-02T01:00:59.999Z 3  54.88485  13.85934 
2023-09-02T01:31:00.000Z 3  54.88485  13.85932 
2023-09-02T02:00:59.999Z 3  54.88485  13.85934 
2023-09-02T02:30:59.999Z 3  54.88486  13.85927 
2023-09-02T03:01:00.000Z 3  54.88487  13.85925 
2023-09-02T03:30:59.999Z 3  54.88491  13.85923 
2023-09-02T04:00:59.999Z 3  54.88490  13.85923 
2023-09-02T04:31:00.000Z 3  54.88487  13.85927 
2023-09-02T05:00:59.999Z 3  54.88485  13.85927 
2023-09-02T06:30:59.999Z 3  54.88485  13.85927 
2023-09-02T07:00:59.999Z 3  54.88483  13.85936 
2023-09-02T07:31:00.000Z 3  54.88483  13.85932 
2023-09-02T08:00:59.999Z 3  54.88484  13.85932 
2023-09-02T08:30:59.999Z 3  54.88481  13.85932 
2023-09-02T09:30:59.999Z 3  54.88477  13.85934 
2023-09-02T11:00:59.999Z 3  54.88474  13.85934 
2023-09-02T11:30:59.999Z 3  54.88473  13.85936 
2023-09-02T12:01:00.000Z 3  54.88468  13.85942 
2023-09-02T12:30:59.999Z 3  54.88469  13.85947 
2023-09-02T13:00:59.999Z 3  54.88468  13.85942 
2023-09-02T13:31:00.000Z 3  54.88465  13.85942 
2023-09-02T14:00:59.999Z 3  54.88470  13.85940 
2023-09-02T16:00:59.999Z 3  54.88470  13.85945 
2023-09-02T16:31:00.000Z 3  54.88470  13.85940 
2023-09-02T17:00:59.999Z 3  54.88469  13.85942 
2023-09-02T17:30:59.999Z 3  54.88466  13.85947 
2023-09-02T18:01:00.000Z 3  54.88472  13.85938 
2023-09-02T18:30:59.999Z 3  54.88470  13.85942 
2023-09-02T19:00:59.999Z 3  54.88467  13.85942 
2023-09-02T20:00:59.999Z 3  54.88464  13.85947 
2023-09-02T20:30:59.999Z 3  54.88462  13.85949 
2023-09-02T21:01:00.000Z 3  54.88461  13.85949 
2023-09-02T21:30:59.999Z 3  54.88456  13.85951 
2023-09-02T22:00:59.999Z 3  54.88451  13.85953 
2023-09-02T22:31:00.000Z 3  54.88447  13.85953 
2023-09-02T23:00:59.999Z 3  54.88441  13.85955 
2023-09-03T00:01:00.000Z 3  54.88438  13.85955 
2023-09-03T00:30:59.999Z 3  54.88426  13.85957 
2023-09-03T01:31:00.000Z 3  54.88436  13.85955 
2023-09-03T02:00:59.999Z 3  54.88437  13.85955 
2023-09-03T02:30:59.999Z 3  54.88435  13.85960 
2023-09-03T03:01:00.000Z 3  54.88437  13.85957 
2023-09-03T04:00:59.999Z 3  54.88436  13.85957 
2023-09-03T05:00:59.999Z 3  54.88439  13.85957 
2023-09-03T05:30:59.999Z 3  54.88439  13.85960 
2023-09-03T07:00:59.999Z 3  54.88437  13.85962 
2023-09-03T07:31:00.000Z 3  54.88431  13.85964 
2023-09-03T08:00:59.999Z 3  54.88423  13.85964 
2023-09-03T08:30:59.999Z 3  54.88427  13.85962 
2023-09-03T09:01:00.000Z 3  54.88412  13.85962 
2023-09-03T09:30:59.999Z 3  54.88413  13.85960 
2023-09-03T10:31:00.000Z 3  54.88404  13.85953 
2023-09-03T11:00:59.999Z 3  54.88402  13.85962 
2023-09-03T11:30:59.999Z 3  54.88403  13.85962 
2023-09-03T12:01:00.000Z 3  54.88405  13.85962 
2023-09-03T12:30:59.999Z 3  54.88405  13.85962 
2023-09-03T13:31:00.000Z 3  54.88405  13.85964 
2023-09-03T14:00:59.999Z 3  54.88407  13.85966 
2023-09-03T15:30:59.999Z 3  54.88409  13.85962 
2023-09-03T16:00:59.999Z 3  54.88412  13.85964 
2023-09-03T16:31:00.000Z 3  54.88412  13.85962 
2023-09-03T17:00:59.999Z 3  54.88412  13.85964 
2023-09-03T17:30:59.999Z 3  54.88413  13.85966 
2023-09-03T18:01:00.000Z 3  54.88417  13.85966 
2023-09-03T18:30:59.999Z 3  54.88419  13.85966 
2023-09-03T19:00:59.999Z 3  54.88422  13.85968 
2023-09-03T20:00:59.999Z 3  54.88428  13.85972 
2023-09-03T20:30:59.999Z 3  54.88433  13.85975 
2023-09-03T21:01:00.000Z 3  54.88436  13.85977 
2023-09-03T21:30:59.999Z 3  54.88440  13.85979 
2023-09-03T22:00:59.999Z 3  54.88441  13.85981 
2023-09-03T22:31:00.000Z 3  54.88442  13.85983 
2023-09-03T23:00:59.999Z 3  54.88444  13.85981 
2023-09-04T05:30:59.999Z 3  54.88425  13.85975 
2023-09-04T06:01:00.000Z 3  54.88425  13.85975 
2023-09-04T06:30:59.999Z 3  54.88427  13.85977 
2023-09-04T07:00:59.999Z 3  54.88433  13.85979 
2023-09-04T07:31:00.000Z 3  54.88434  13.85981 
2023-09-04T08:00:59.999Z 3  54.88438  13.85977 
2023-09-04T08:30:59.999Z 3  54.88440  13.85977 
2023-09-04T09:01:00.000Z 3  54.88442  13.85979 
2023-09-04T09:30:59.999Z 3  54.88443  13.85975 
2023-09-04T10:00:59.999Z 3  54.88442  13.85977 
2023-09-04T10:31:00.000Z 3  54.88440  13.85972 
2023-09-04T12:01:00.000Z 3  54.88440  13.85981 
2023-09-04T12:30:59.999Z 3  54.88448  13.85981 
2023-09-04T13:00:59.999Z 3  54.88444  13.85983 
2023-09-04T13:31:00.000Z 3  54.88439  13.85981 
2023-09-04T14:00:59.999Z 3  54.88439  13.85983 
2023-09-04T14:30:59.999Z 3  54.88432  13.85981 
2023-09-04T16:31:00.000Z 3  54.88438  13.85981 
2023-09-04T17:00:59.999Z 3  54.88440  13.85977 
2023-09-04T17:30:59.999Z 3  54.88441  13.85977 
2023-09-04T18:01:00.000Z 3  54.88440  13.85977 
2023-09-04T19:31:00.000Z 3  54.88446  13.85975 
2023-09-04T20:00:59.999Z 3  54.88447  13.85972 
2023-09-04T20:30:59.999Z 3  54.88447  13.85972 
2023-09-04T21:01:00.000Z 3  54.88448  13.85972 
2023-09-04T21:30:59.999Z 3  54.88446  13.85977 
2023-09-04T22:00:59.999Z 3  54.88443  13.85977 
2023-09-04T23:00:59.999Z 3  54.88442  13.85977 
2023-09-04T23:30:59.999Z 3  54.88440  13.85977 
2023-09-05T00:01:00.000Z 3  54.88438  13.85977 
2023-09-05T00:30:59.999Z 3  54.88438  13.85977 
2023-09-05T01:00:59.999Z 3  54.88437  13.85979 
2023-09-05T01:31:00.000Z 3  54.88433  13.85979 
2023-09-05T02:00:59.999Z 3  54.88432  13.85977 
2023-09-05T02:30:59.999Z 3  54.88432  13.85977 
2023-09-05T03:01:00.000Z 3  54.88429  13.85975 
2023-09-05T03:30:59.999Z 3  54.88431  13.85975 
2023-09-05T04:00:59.999Z 3  54.88432  13.85975 
2023-09-05T04:31:00.000Z 3  54.88432  13.85975 
2023-09-05T05:00:59.999Z 3  54.88434  13.85975 
2023-09-05T05:30:59.999Z 3  54.88436  13.85975 
2023-09-05T06:01:00.000Z 3  54.88437  13.85975 
2023-09-05T06:30:59.999Z 3  54.88438  13.85975 
2023-09-05T07:00:59.999Z 3  54.88437  13.85975 
2023-09-05T07:31:00.000Z 3  54.88441  13.85975 
2023-09-05T08:00:59.999Z 3  54.88446  13.85972 
2023-09-05T08:30:59.999Z 3  54.88447  13.85970 
2023-09-05T09:01:00.000Z 3  54.88448  13.85970 
2023-09-05T09:30:59.999Z 3  54.88450  13.85968 
2023-09-05T10:00:59.999Z 3  54.88452  13.85968 
2023-09-05T10:31:00.000Z 3  54.88453  13.85966 
2023-09-05T11:00:59.999Z 3  54.88456  13.85964 
2023-09-05T11:30:59.999Z 3  54.88459  13.85964 
2023-09-05T12:01:00.000Z 3  54.88464  13.85960 
2023-09-05T12:30:59.999Z 3  54.88468  13.85957 
2023-09-05T13:00:59.999Z 3  54.88470  13.85957 
2023-09-05T13:31:00.000Z 3  54.88473  13.85957 
2023-09-05T14:00:59.999Z 3  54.88476  13.85955 
2023-09-05T14:30:59.999Z 3  54.88479  13.85953 
2023-09-05T15:01:00.000Z 3  54.88479  13.85953 
2023-09-05T15:30:59.999Z 3  54.88480  13.85951 
2023-09-05T16:00:59.999Z 3  54.88481  13.85949 
2023-09-05T16:31:00.000Z 3  54.88483  13.85947 
2023-09-05T17:00:59.999Z 3  54.88482  13.85949 
2023-09-05T17:30:59.999Z 3  54.88480  13.85949 
2023-09-05T18:01:00.000Z 3  54.88478  13.85951 
2023-09-05T18:30:59.999Z 3  54.88477  13.85951 
2023-09-05T19:00:59.999Z 3  54.88479  13.85949 
2023-09-05T19:31:00.000Z 3  54.88479  13.85947 
2023-09-05T20:00:59.999Z 3  54.88478  13.85947 
2023-09-05T20:30:59.999Z 3  54.88478  13.85942 
2023-09-05T21:01:00.000Z 3  54.88479  13.85940 
2023-09-05T21:30:59.999Z 3  54.88480  13.85940 
2023-09-05T22:00:59.999Z 3  54.88479  13.85938 
2023-09-05T22:31:00.000Z 3  54.88480  13.85938 
2023-09-05T23:00:59.999Z 3  54.88478  13.85938 
2023-09-05T23:30:59.999Z 3  54.88479  13.85936 
2023-09-06T00:01:00.000Z 3  54.88479  13.85938 
2023-09-06T00:30:59.999Z 3  54.88480  13.85938 
2023-09-06T01:00:59.999Z 3  54.88482  13.85938 
2023-09-06T01:31:00.000Z 3  54.88481  13.85938 
2023-09-06T02:30:59.999Z 3  54.88481  13.85938 
2023-09-06T03:01:00.000Z 3  54.88481  13.85940 
2023-09-06T03:30:59.999Z 3  54.88481  13.85940 
2023-09-06T04:00:59.999Z 3  54.88482  13.85936 
2023-09-06T04:31:00.000Z 3  54.88482  13.85934 
2023-09-06T05:30:59.999Z 3  54.88485  13.85936 
2023-09-06T06:01:00.000Z 3  54.88485  13.85934 
2023-09-06T06:30:59.999Z 3  54.88485  13.85934 
2023-09-06T07:00:59.999Z 3  54.88487  13.85934 
2023-09-06T07:31:00.000Z 3  54.88487  13.85927 
2023-09-06T08:30:59.999Z 3  54.88488  13.85925 
2023-09-06T10:31:00.000Z 3  54.88491  13.85919 
2023-09-06T11:00:59.999Z 3  54.88493  13.85912 
2023-09-06T12:01:00.000Z 3  54.88492  13.85912 
2023-09-06T12:30:59.999Z 3  54.88492  13.85917 
2023-09-06T13:00:59.999Z 3  54.88491  13.85919 
2023-09-06T13:31:00.000Z 3  54.88488  13.85921 
2023-09-06T14:00:59.999Z 3  54.88485  13.85925 
2023-09-06T14:30:59.999Z 3  54.88481  13.85934 
2023-09-06T15:01:00.000Z 3  54.88478  13.85938 
2023-09-06T15:30:59.999Z 3  54.88474  13.85940 
2023-09-06T16:00:59.999Z 3  54.88473  13.85942 
2023-09-06T16:31:00.000Z 3  54.88470  13.85947 
2023-09-06T17:00:59.999Z 3  54.88470  13.85947 
2023-09-06T17:30:59.999Z 3  54.88472  13.85949 
2023-09-06T18:01:00.000Z 3  54.88473  13.85949 
2023-09-06T18:30:59.999Z 3  54.88474  13.85949 
2023-09-06T19:00:59.999Z 3  54.88469  13.85951 
2023-09-06T19:31:00.000Z 3  54.88463  13.85953 
2023-09-06T20:00:59.999Z 3  54.88461  13.85953 
2023-09-06T22:00:59.999Z 3  54.88444  13.85962 
2023-09-06T22:31:00.000Z 3  54.88443  13.85962 
2023-09-06T23:00:59.999Z 3  54.88442  13.85962 
2023-09-06T23:30:59.999Z 3  54.88442  13.85960 
2023-09-07T00:01:00.000Z 3  54.88446  13.85962 
2023-09-07T00:30:59.999Z 3  54.88447  13.85960 
2023-09-07T01:00:59.999Z 3  54.88449  13.85960 
2023-09-07T02:00:59.999Z 3  54.88450  13.85962 
2023-09-07T03:01:00.000Z 3  54.88457  13.85962 
2023-09-07T03:30:59.999Z 3  54.88459  13.85957 
2023-09-07T04:00:59.999Z 3  54.88458  13.85957 
2023-09-07T04:31:00.000Z 3  54.88462  13.85955 
2023-09-07T05:00:59.999Z 3  54.88459  13.85957 
2023-09-07T05:30:59.999Z 3  54.88461  13.85957 
2023-09-07T06:01:00.000Z 3  54.88463  13.85955 
2023-09-07T07:31:00.000Z 3  54.88467  13.85953 
2023-09-07T08:00:59.999Z 3  54.88468  13.85955 
2023-09-07T08:30:59.999Z 3  54.88469  13.85953 
2023-09-07T12:01:00.000Z 3  54.88472  13.85949 
2023-09-07T12:30:59.999Z 3  54.88472  13.85949 
2023-09-07T13:00:59.999Z 3  54.88471  13.85949 
2023-09-07T13:31:00.000Z 3  54.88474  13.85947 
2023-09-07T14:00:59.999Z 3  54.88473  13.85949 
2023-09-07T14:30:59.999Z 3  54.88477  13.85947 
2023-09-07T15:01:00.000Z 3  54.88476  13.85947 
2023-09-07T15:30:59.999Z 3  54.88473  13.85947 
2023-09-07T16:00:59.999Z 3  54.88478  13.85947 
2023-09-07T16:31:00.000Z 3  54.88479  13.85947 
2023-09-07T17:00:59.999Z 3  54.88482  13.85945 
2023-09-07T17:30:59.999Z 3  54.88480  13.85947 
2023-09-07T18:01:00.000Z 3  54.88479  13.85949 
2023-09-07T18:30:59.999Z 3  54.88479  13.85947 
2023-09-07T19:00:59.999Z 3  54.88480  13.85945 
2023-09-07T19:31:00.000Z 3  54.88480  13.85945 
2023-09-07T20:00:59.999Z 3  54.88478  13.85945 
2023-09-07T20:30:59.999Z 3  54.88480  13.85945 
2023-09-07T21:01:00.000Z 3  54.88479  13.85945 
2023-09-07T21:30:59.999Z 3  54.88482  13.85942 
2023-09-07T22:00:59.999Z 3  54.88481  13.85945 
2023-09-07T22:31:00.000Z 3  54.88481  13.85947 
2023-09-07T23:00:59.999Z 3  54.88481  13.85945 
2023-09-07T23:30:59.999Z 3  54.88484  13.85940 
2023-09-08T00:01:00.000Z 3  54.88486  13.85940 
2023-09-08T00:30:59.999Z 3  54.88486  13.85938 
2023-09-08T01:00:59.999Z 3  54.88486  13.85936 
2023-09-08T01:31:00.000Z 3  54.88487  13.85934 
2023-09-08T02:00:59.999Z 3  54.88490  13.85934 
2023-09-08T02:30:59.999Z 3  54.88490  13.85932 
2023-09-08T03:01:00.000Z 3  54.88488  13.85934 
2023-09-08T03:30:59.999Z 3  54.88490  13.85934 
2023-09-08T04:00:59.999Z 3  54.88488  13.85934 
2023-09-08T04:31:00.000Z 3  54.88488  13.85936 
2023-09-08T05:00:59.999Z 3  54.88488  13.85936 
2023-09-08T05:30:59.999Z 3  54.88488  13.85938 
2023-09-08T06:01:00.000Z 3  54.88487  13.85942 
2023-09-08T06:30:59.999Z 3  54.88486  13.85942 
2023-09-08T07:00:59.999Z 3  54.88486  13.85942 
2023-09-08T07:31:00.000Z 3  54.88485  13.85940 
2023-09-08T08:00:59.999Z 3  54.88484  13.85940 
2023-09-08T08:30:59.999Z 3  54.88485  13.85940 
2023-09-08T09:01:00.000Z 3  54.88487  13.85938 
2023-09-08T09:30:59.999Z 3  54.88487  13.85936 
2023-09-08T10:31:00.000Z 3  54.88484  13.85934 
2023-09-08T11:00:59.999Z 3  54.88485  13.85934 
2023-09-08T11:30:59.999Z 3  54.88487  13.85927 
2023-09-08T12:01:00.000Z 3  54.88486  13.85930 
2023-09-08T12:30:59.999Z 3  54.88483  13.85934 
2023-09-08T13:31:00.000Z 3  54.88481  13.85936 
2023-09-08T14:00:59.999Z 3  54.88479  13.85938 
2023-09-08T14:30:59.999Z 3  54.88477  13.85940 
2023-09-08T16:02:00.000Z 3  54.88476  13.85945 
2023-09-08T16:31:00.000Z 3  54.88476  13.85945 
2023-09-08T17:30:59.999Z 3  54.88473  13.85947 
2023-09-08T18:01:00.000Z 3  54.88470  13.85951 
2023-09-08T18:30:59.999Z 3  54.88466  13.85955 
2023-09-08T19:00:59.999Z 3  54.88465  13.85955 
2023-09-08T20:00:59.999Z 3  54.88466  13.85955 
2023-09-08T20:30:59.999Z 3  54.88464  13.85955 
2023-09-08T21:01:00.000Z 3  54.88463  13.85957 
2023-09-08T21:30:59.999Z 3  54.88463  13.85957 
2023-09-08T22:00:59.999Z 3  54.88462  13.85957 
2023-09-08T22:31:00.000Z 3  54.88461  13.85957 
2023-09-08T23:00:59.999Z 3  54.88462  13.85957 
2023-09-08T23:30:59.999Z 3  54.88462  13.85955 
2023-09-09T00:01:00.000Z 3  54.88463  13.85955 
2023-09-09T00:30:59.999Z 3  54.88464  13.85955 
2023-09-09T01:00:59.999Z 3  54.88464  13.85955 
2023-09-09T01:31:00.000Z 3  54.88463  13.85955 
2023-09-09T02:00:59.999Z 3  54.88464  13.85955 
2023-09-09T02:30:59.999Z 3  54.88463  13.85955 
2023-09-09T03:01:00.000Z 3  54.88463  13.85957 
2023-09-09T03:30:59.999Z 3  54.88464  13.85955 
2023-09-09T04:00:59.999Z 3  54.88464  13.85955 
2023-09-09T04:31:00.000Z 3  54.88465  13.85957 
2023-09-09T05:00:59.999Z 3  54.88464  13.85960 
2023-09-09T05:30:59.999Z 3  54.88464  13.85957 
2023-09-09T06:01:00.000Z 3  54.88464  13.85957 
2023-09-09T06:30:59.999Z 3  54.88467  13.85957 
2023-09-09T07:00:59.999Z 3  54.88469  13.85953 
2023-09-09T07:31:00.000Z 3  54.88470  13.85951 
2023-09-09T08:00:59.999Z 3  54.88472  13.85949 
2023-09-09T08:30:59.999Z 3  54.88473  13.85947 
2023-09-09T09:01:00.000Z 3  54.88477  13.85942 
2023-09-09T09:30:59.999Z 3  54.88479  13.85940 
2023-09-09T10:00:59.999Z 3  54.88482  13.85936 
2023-09-09T10:31:00.000Z 3  54.88484  13.85932 
2023-09-09T11:30:59.999Z 3  54.88488  13.85925 
2023-09-09T12:01:00.000Z 3  54.88490  13.85921 
2023-09-09T12:30:59.999Z 3  54.88491  13.85921 
2023-09-09T13:00:59.999Z 3  54.88492  13.85921 
2023-09-09T13:31:00.000Z 3  54.88491  13.85919 
2023-09-09T14:00:59.999Z 3  54.88491  13.85921 
2023-09-09T14:30:59.999Z 3  54.88491  13.85921 
2023-09-09T15:01:00.000Z 3  54.88491  13.85921 
2023-09-09T15:30:59.999Z 3  54.88492  13.85921 
2023-09-09T16:00:59.999Z 3  54.88491  13.85923 
2023-09-09T16:31:00.000Z 3  54.88492  13.85923 
2023-09-09T17:00:59.999Z 3  54.88491  13.85927 
2023-09-09T17:30:59.999Z 3  54.88488  13.85930 
2023-09-09T18:01:00.000Z 3  54.88485  13.85936 
2023-09-09T18:30:59.999Z 3  54.88485  13.85936 
2023-09-09T19:00:59.999Z 3  54.88485  13.85938 
2023-09-09T19:31:00.000Z 3  54.88485  13.85936 
2023-09-09T20:00:59.999Z 3  54.88485  13.85934 
2023-09-09T20:30:59.999Z 3  54.88485  13.85934 
2023-09-09T21:01:59.999Z 3  54.88485  13.85934 
2023-09-09T21:30:59.999Z 3  54.88485  13.85934 
2023-09-09T22:00:59.999Z 3  54.88488  13.85932 
2023-09-09T22:31:00.000Z 3  54.88490  13.85930 
2023-09-09T23:00:59.999Z 3  54.88492  13.85927 
2023-09-09T23:30:59.999Z 3  54.88491  13.85925 
2023-09-10T00:01:00.000Z 3  54.88490  13.85927 
2023-09-10T00:30:59.999Z 3  54.88491  13.85927 
2023-09-10T01:00:59.999Z 3  54.88488  13.85932 
2023-09-10T02:00:59.999Z 3  54.88488  13.85932 
2023-09-10T02:30:59.999Z 3  54.88488  13.85932 
2023-09-10T03:01:00.000Z 3  54.88488  13.85934 
2023-09-10T04:00:59.999Z 3  54.88486  13.85932 
2023-09-10T04:31:00.000Z 3  54.88486  13.85934 
2023-09-10T05:00:59.999Z 3  54.88488  13.85932 
2023-09-10T05:30:59.999Z 3  54.88490  13.85934 
2023-09-10T06:01:00.000Z 3  54.88488  13.85936 
2023-09-10T06:30:59.999Z 3  54.88487  13.85934 
2023-09-10T07:00:59.999Z 3  54.88488  13.85934 
2023-09-10T07:31:00.000Z 3  54.88490  13.85932 
2023-09-10T08:00:59.999Z 3  54.88490  13.85930 
2023-09-10T08:30:59.999Z 3  54.88491  13.85927 
2023-09-10T09:30:59.999Z 3  54.88493  13.85925 
2023-09-10T10:00:59.999Z 3  54.88493  13.85923 
2023-09-10T10:31:00.000Z 3  54.88493  13.85923 
2023-09-10T11:00:59.999Z 3  54.88494  13.85921 
2023-09-10T13:00:59.999Z 3  54.88491  13.85923 
2023-09-10T14:00:59.999Z 3  54.88486  13.85930 
2023-09-10T14:30:59.999Z 3  54.88485  13.85932 
2023-09-10T15:01:00.000Z 3  54.88485  13.85932 
2023-09-10T15:30:59.999Z 3  54.88482  13.85938 
2023-09-10T16:00:59.999Z 3  54.88481  13.85945 
2023-09-10T16:31:00.000Z 3  54.88479  13.85947 
2023-09-10T17:00:59.999Z 3  54.88476  13.85949 
2023-09-10T17:30:59.999Z 3  54.88472  13.85953 
2023-09-10T18:01:00.000Z 3  54.88470  13.85955 
2023-09-10T18:30:59.999Z 3  54.88468  13.85960 
2023-09-10T19:00:59.999Z 3  54.88468  13.85960 
2023-09-10T19:31:00.000Z 3  54.88467  13.85957 
2023-09-10T20:00:59.999Z 3  54.88467  13.85957 
2023-09-10T20:30:59.999Z 3  54.88468  13.85957 
2023-09-10T21:01:00.000Z 3  54.88467  13.85957 
2023-09-10T21:30:59.999Z 3  54.88466  13.85955 
2023-09-10T22:00:59.999Z 3  54.88465  13.85957 
2023-09-10T22:31:00.000Z 3  54.88465  13.85955 
2023-09-10T23:00:59.999Z 3  54.88464  13.85955 
2023-09-10T23:30:59.999Z 3  54.88463  13.85955 
2023-09-11T00:01:00.000Z 3  54.88459  13.85955 
2023-09-11T00:30:59.999Z 3  54.88453  13.85957 
2023-09-11T01:00:59.999Z 3  54.88452  13.85957 
2023-09-11T01:31:00.000Z 3  54.88448  13.85953 
2023-09-11T02:00:59.999Z 3  54.88449  13.85955 
2023-09-11T02:30:59.999Z 3  54.88451  13.85957 
2023-09-11T03:01:00.000Z 3  54.88454  13.85955 
2023-09-11T03:30:59.999Z 3  54.88455  13.85955 
2023-09-11T04:00:59.999Z 3  54.88455  13.85955 
2023-09-11T04:31:00.000Z 3  54.88456  13.85955 
2023-09-11T05:00:59.999Z 3  54.88457  13.85953 
2023-09-11T05:30:59.999Z 3  54.88458  13.85955 
2023-09-11T06:01:00.000Z 3  54.88459  13.85955 
2023-09-11T06:30:59.999Z 3  54.88463  13.85957 
2023-09-11T07:00:59.999Z 3  54.88464  13.85957 
2023-09-11T07:31:00.000Z 3  54.88464  13.85957 
2023-09-11T08:00:59.999Z 3  54.88463  13.85960 
2023-09-11T08:30:59.999Z 3  54.88461  13.85960 
2023-09-11T09:01:00.000Z 3  54.88456  13.85962 
2023-09-11T09:30:59.999Z 3  54.88454  13.85964 
2023-09-11T10:00:59.999Z 3  54.88450  13.85964 
2023-09-11T11:00:59.999Z 3  54.88451  13.85962 
2023-09-11T11:30:59.999Z 3  54.88452  13.85962 
2023-09-11T13:31:00.000Z 3  54.88455  13.85955 
2023-09-11T14:00:59.999Z 3  54.88456  13.85955 
2023-09-11T14:30:59.999Z 3  54.88461  13.85951 
2023-09-11T15:01:00.000Z 3  54.88463  13.85949 
2023-09-11T15:30:59.999Z 3  54.88464  13.85949 
2023-09-11T16:00:59.999Z 3  54.88466  13.85947 
2023-09-11T16:31:00.000Z 3  54.88464  13.85947 
2023-09-11T17:00:59.999Z 3  54.88461  13.85949 
2023-09-11T17:30:59.999Z 3  54.88452  13.85957 
2023-09-11T18:01:00.000Z 3  54.88450  13.85957 
2023-09-11T18:30:59.999Z 3  54.88446  13.85962 
2023-09-11T19:00:59.999Z 3  54.88444  13.85964 
2023-09-11T19:31:00.000Z 3  54.88446  13.85964 
2023-09-11T20:00:59.999Z 3  54.88447  13.85964 
2023-09-11T20:30:59.999Z 3  54.88449  13.85964 
2023-09-11T21:01:00.000Z 3  54.88450  13.85964 
2023-09-11T21:30:59.999Z 3  54.88450  13.85964 
2023-09-11T22:00:59.999Z 3  54.88452  13.85964 
2023-09-11T23:00:59.999Z 3  54.88453  13.85964 
2023-09-11T23:30:59.999Z 3  54.88456  13.85962 
2023-09-12T00:01:00.000Z 3  54.88457  13.85962 
2023-09-12T00:30:59.999Z 3  54.88457  13.85960 
2023-09-12T01:00:59.999Z 3  54.88459  13.85960 
2023-09-12T01:31:00.000Z 3  54.88461  13.85960 
2023-09-12T02:00:59.999Z 3  54.88461  13.85962 
2023-09-12T02:30:59.999Z 3  54.88463  13.85960 
2023-09-12T03:01:00.000Z 3  54.88465  13.85957 
2023-09-12T03:30:59.999Z 3  54.88464  13.85955 
2023-09-12T04:00:59.999Z 3  54.88466  13.85953 
2023-09-12T04:31:00.000Z 3  54.88468  13.85953 
2023-09-12T05:00:59.999Z 3  54.88469  13.85953 
2023-09-12T05:30:59.999Z 3  54.88469  13.85955 
2023-09-12T06:01:00.000Z 3  54.88465  13.85957 
2023-09-12T06:30:59.999Z 3  54.88464  13.85962 
2023-09-12T07:00:59.999Z 3  54.88463  13.85962 
2023-09-12T07:31:00.000Z 3  54.88462  13.85964 
2023-09-12T08:00:59.999Z 3  54.88462  13.85966 
2023-09-12T09:30:59.999Z 3  54.88462  13.85966 
2023-09-12T10:00:59.999Z 3  54.88461  13.85966 
2023-09-12T12:01:00.000Z 3  54.88464  13.85962 
2023-09-12T13:00:59.999Z 3  54.88465  13.85960 
2023-09-12T13:31:00.000Z 3  54.88462  13.85960 
2023-09-12T14:00:59.999Z 3  54.88462  13.85960 
2023-09-12T14:30:59.999Z 3  54.88463  13.85957 
2023-09-12T15:01:00.000Z 3  54.88463  13.85962 
2023-09-12T15:30:59.999Z 3  54.88466  13.85962 
2023-09-12T16:31:00.000Z 3  54.88465  13.85962 
2023-09-12T17:00:59.999Z 3  54.88467  13.85962 
2023-09-12T17:30:59.999Z 3  54.88467  13.85964 
2023-09-12T18:01:00.000Z 3  54.88468  13.85964 
2023-09-12T18:30:59.999Z 3  54.88465  13.85966 
2023-09-12T19:00:59.999Z 3  54.88466  13.85966 
2023-09-12T19:31:00.000Z 3  54.88467  13.85966 
2023-09-12T20:00:59.999Z 3  54.88467  13.85966 
2023-09-12T20:30:59.999Z 3  54.88467  13.85966 
2023-09-12T21:01:00.000Z 3  54.88466  13.85968 
2023-09-12T21:30:59.999Z 3  54.88463  13.85968 
2023-09-12T22:00:59.999Z 3  54.88463  13.85968 
2023-09-12T22:31:00.000Z 3  54.88463  13.85968 
2023-09-12T23:00:59.999Z 3  54.88464  13.85968 
2023-09-12T23:30:59.999Z 3  54.88465  13.85966 
2023-09-13T00:01:00.000Z 3  54.88467  13.85964 
2023-09-13T00:30:59.999Z 3  54.88467  13.85966 
2023-09-13T01:00:59.999Z 3  54.88467  13.85964 
2023-09-13T01:31:00.000Z 3  54.88467  13.85964 
2023-09-13T02:00:59.999Z 3  54.88468  13.85964 
2023-09-13T02:30:59.999Z 3  54.88469  13.85962 
2023-09-13T03:01:00.000Z 3  54.88469  13.85964 
2023-09-13T03:30:59.999Z 3  54.88469  13.85964 
2023-09-13T04:00:59.999Z 3  54.88468  13.85964 
2023-09-13T04:31:00.000Z 3  54.88466  13.85966 
2023-09-13T05:00:59.999Z 3  54.88468  13.85966 
2023-09-13T05:30:59.999Z 3  54.88468  13.85966 
2023-09-13T06:01:00.000Z 3  54.88470  13.85966 
2023-09-13T06:30:59.999Z 3  54.88470  13.85968 
2023-09-13T07:00:59.999Z 3  54.88469  13.85966 
2023-09-13T07:31:00.000Z 3  54.88468  13.85966 
2023-09-13T08:00:59.999Z 3  54.88470  13.85964 
2023-09-13T08:30:59.999Z 3  54.88472  13.85962 
2023-09-13T09:01:00.000Z 3  54.88477  13.85957 
2023-09-13T09:30:59.999Z 3  54.88472  13.85955 
2023-09-13T10:00:59.999Z 3  54.88471  13.85962 
2023-09-13T10:31:00.000Z 3  54.88470  13.85966 
2023-09-13T11:00:59.999Z 3  54.88470  13.85966 
2023-09-13T11:30:59.999Z 3  54.88472  13.85966 
2023-09-13T12:01:00.000Z 3  54.88474  13.85964 
2023-09-13T12:30:59.999Z 3  54.88473  13.85966 
2023-09-14T02:00:59.999Z 3  54.88464  13.85964 
2023-09-14T02:30:59.999Z 3  54.88463  13.85964 
2023-09-14T03:01:00.000Z 3  54.88464  13.85964 
2023-09-14T03:30:59.999Z 3  54.88465  13.85966 
2023-09-14T04:00:59.999Z 3  54.88466  13.85964 
2023-09-14T04:31:00.000Z 3  54.88467  13.85964 
2023-09-14T05:00:59.999Z 3  54.88466  13.85966 
2023-09-14T05:30:59.999Z 3  54.88464  13.85966 
2023-09-14T06:01:00.000Z 3  54.88463  13.85970 
2023-09-14T06:30:59.999Z 3  54.88464  13.85972 
2023-09-14T07:00:59.999Z 3  54.88463  13.85975 
2023-09-14T07:31:00.000Z 3  54.88459  13.85977 
2023-09-14T08:00:59.999Z 3  54.88461  13.85977 
2023-09-14T08:30:59.999Z 3  54.88458  13.85975 
2023-09-14T09:30:59.999Z 3  54.88453  13.85979 
2023-09-14T10:00:59.999Z 3  54.88451  13.85981 
2023-09-14T10:31:00.000Z 3  54.88449  13.85981 
2023-09-14T11:00:59.999Z 3  54.88449  13.85981 
2023-09-14T11:30:59.999Z 3  54.88448  13.85981 
2023-09-14T12:01:00.000Z 3  54.88449  13.85981 
2023-09-14T12:30:59.999Z 3  54.88448  13.85979 
2023-09-14T13:00:59.999Z 3  54.88447  13.85979 
2023-09-14T13:31:00.000Z 3  54.88449  13.85975 
2023-09-14T14:00:59.999Z 3  54.88449  13.85975 
2023-09-14T15:30:59.999Z 3  54.88449  13.85983 
2023-09-14T16:00:59.999Z 3  54.88449  13.85979 
2023-09-14T16:31:00.000Z 3  54.88448  13.85981 
2023-09-14T17:00:59.999Z 3  54.88449  13.85981 
2023-09-14T17:30:59.999Z 3  54.88449  13.85981 
2023-09-14T18:01:00.000Z 3  54.88448  13.85981 
2023-09-14T18:30:59.999Z 3  54.88448  13.85985 
2023-09-14T19:00:59.999Z 3  54.88449  13.85985 
2023-09-14T19:31:00.000Z 3  54.88448  13.85983 
2023-09-14T20:00:59.999Z 3  54.88448  13.85983 
2023-09-14T20:30:59.999Z 3  54.88448  13.85985 
2023-09-14T21:01:00.000Z 3  54.88450  13.85983 
2023-09-14T21:30:59.999Z 3  54.88452  13.85983 
2023-09-14T22:00:59.999Z 3  54.88451  13.85981 
2023-09-14T22:31:00.000Z 3  54.88453  13.85981 
2023-09-14T23:00:59.999Z 3  54.88453  13.85981 
2023-09-14T23:30:59.999Z 3  54.88454  13.85979 
2023-09-15T00:01:00.000Z 3  54.88455  13.85979 
2023-09-15T00:30:59.999Z 3  54.88456  13.85981 
2023-09-15T01:00:59.999Z 3  54.88457  13.85977 
2023-09-15T01:31:00.000Z 3  54.88456  13.85977 
2023-09-15T02:00:59.999Z 3  54.88456  13.85977 
2023-09-15T02:30:59.999Z 3  54.88457  13.85975 
2023-09-15T03:01:59.999Z 3  54.88459  13.85972 
2023-09-15T03:30:59.999Z 3  54.88461  13.85968 
2023-09-15T04:00:59.999Z 3  54.88462  13.85968 
2023-09-15T04:31:00.000Z 3  54.88462  13.85966 
2023-09-15T05:00:59.999Z 3  54.88463  13.85966 
2023-09-15T05:30:59.999Z 3  54.88463  13.85966 
2023-09-15T06:01:00.000Z 3  54.88463  13.85966 
2023-09-15T06:30:59.999Z 3  54.88463  13.85964 
2023-09-15T07:00:59.999Z 3  54.88463  13.85966 
2023-09-15T07:31:00.000Z 3  54.88463  13.85966 
2023-09-15T08:01:59.999Z 3  54.88462  13.85964 
2023-09-15T08:30:59.999Z 3  54.88462  13.85964 
2023-09-15T09:30:59.999Z 3  54.88462  13.85966 
2023-09-15T10:00:59.999Z 3  54.88461  13.85966 
2023-09-15T10:31:00.000Z 3  54.88461  13.85966 
2023-09-15T11:00:59.999Z 3  54.88462  13.85966 
2023-09-15T11:30:59.999Z 3  54.88462  13.85966 
2023-09-15T12:01:00.000Z 3  54.88463  13.85966 
2023-09-15T12:30:59.999Z 3  54.88464  13.85964 
2023-09-15T13:00:59.999Z 3  54.88467  13.85962 
2023-09-15T13:31:00.000Z 3  54.88467  13.85962 
2023-09-15T14:00:59.999Z 3  54.88468  13.85960 
2023-09-15T14:30:59.999Z 3  54.88467  13.85960 
2023-09-15T15:01:00.000Z 3  54.88470  13.85957 
2023-09-15T16:00:59.999Z 3  54.88471  13.85957 
2023-09-15T16:31:00.000Z 3  54.88472  13.85957 
2023-09-15T17:00:59.999Z 3  54.88471  13.85957 
2023-09-15T17:30:59.999Z 3  54.88471  13.85960 
2023-09-15T18:01:00.000Z 3  54.88471  13.85957 
2023-09-15T18:30:59.999Z 3  54.88470  13.85955 
2023-09-15T19:00:59.999Z 3  54.88468  13.85957 
2023-09-15T19:31:00.000Z 3  54.88474  13.85953 
2023-09-15T20:00:59.999Z 3  54.88476  13.85949 
2023-09-15T20:30:59.999Z 3  54.88477  13.85957 
2023-09-15T21:01:00.000Z 3  54.88477  13.85953 
2023-09-15T21:30:59.999Z 3  54.88469  13.85962 
2023-09-15T22:00:59.999Z 3  54.88471  13.85966 
2023-09-15T22:31:00.000Z 3  54.88473  13.85962 
2023-09-15T23:00:59.999Z 3  54.88476  13.85962 
2023-09-15T23:30:59.999Z 3  54.88482  13.85975 
2023-09-16T00:01:00.000Z 3  54.88479  13.85968 
2023-09-16T04:31:00.000Z 3  54.88462  13.85960 
2023-09-16T05:00:59.999Z 3  54.88465  13.85966 
2023-09-16T05:30:59.999Z 3  54.88474  13.85970 
2023-09-16T06:01:00.000Z 3  54.88466  13.85964 
2023-09-16T06:30:59.999Z 3  54.88467  13.85962 
2023-09-16T07:00:59.999Z 3  54.88470  13.85960 
2023-09-16T07:31:00.000Z 3  54.88473  13.85953 
2023-09-16T08:00:59.999Z 3  54.88474  13.85953 
2023-09-16T08:30:59.999Z 3  54.88477  13.85949 
2023-09-16T09:01:00.000Z 3  54.88478  13.85945 
2023-09-16T09:30:59.999Z 3  54.88481  13.85945 
2023-09-16T10:31:00.000Z 3  54.88487  13.85932 
2023-09-16T11:00:59.999Z 3  54.88490  13.85930 
2023-09-16T11:30:59.999Z 3  54.88493  13.85921 
2023-09-16T12:01:00.000Z 3  54.88497  13.85910 
2023-09-16T12:30:59.999Z 3  54.88503  13.85902 
2023-09-16T13:00:59.999Z 3  54.88508  13.85891 
2023-09-16T13:31:00.000Z 3  54.88507  13.85889 
2023-09-16T14:00:59.999Z 3  54.88505  13.85889 
2023-09-16T14:30:59.999Z 3  54.88507  13.85885 
2023-09-16T15:01:00.000Z 3  54.88523  13.85861 
2023-09-16T15:30:59.999Z 3  54.88509  13.85885 
2023-09-16T16:31:00.000Z 3  54.88509  13.85895 
2023-09-16T17:00:59.999Z 3  54.88508  13.85900 
2023-09-16T17:30:59.999Z 3  54.88506  13.85900 
2023-09-16T18:01:00.000Z 3  54.88505  13.85902 
2023-09-16T18:30:59.999Z 3  54.88501  13.85900 
2023-09-16T19:00:59.999Z 3  54.88501  13.85902 
2023-09-16T19:31:00.000Z 3  54.88501  13.85902 
2023-09-16T20:00:59.999Z 3  54.88501  13.85902 
2023-09-16T20:30:59.999Z 3  54.88500  13.85906 
2023-09-16T21:01:00.000Z 3  54.88497  13.85910 
2023-09-16T21:30:59.999Z 3  54.88497  13.85912 
2023-09-16T22:00:59.999Z 3  54.88498  13.85915 
2023-09-16T22:31:00.000Z 3  54.88498  13.85912 
2023-09-16T23:00:59.999Z 3  54.88497  13.85912 
2023-09-16T23:30:59.999Z 3  54.88498  13.85912 
2023-09-17T00:01:00.000Z 3  54.88498  13.85908 
2023-09-17T00:30:59.999Z 3  54.88500  13.85906 
2023-09-17T01:00:59.999Z 3  54.88500  13.85900 
2023-09-17T01:31:00.000Z 3  54.88502  13.85893 
2023-09-17T02:00:59.999Z 3  54.88505  13.85885 
2023-09-17T02:30:59.999Z 3  54.88508  13.85878 
2023-09-17T03:01:59.999Z 3  54.88508  13.85872 
2023-09-17T03:30:59.999Z 3  54.88510  13.85867 
2023-09-17T04:00:59.999Z 3  54.88512  13.85867 
2023-09-17T04:31:59.999Z 3  54.88512  13.85867 
2023-09-17T05:00:59.999Z 3  54.88514  13.85867 
2023-09-17T05:30:59.999Z 3  54.88513  13.85870 
2023-09-17T06:30:59.999Z 3  54.88513  13.85874 
2023-09-17T07:31:00.000Z 3  54.88511  13.85880 
2023-09-17T08:00:59.999Z 3  54.88510  13.85882 
2023-09-17T08:30:59.999Z 3  54.88510  13.85880 
2023-09-17T09:01:00.000Z 3  54.88511  13.85878 
2023-09-17T10:00:59.999Z 3  54.88510  13.85870 
2023-09-17T13:00:59.999Z 3  54.88513  13.85818 
2023-09-17T13:31:00.000Z 3  54.88514  13.85807 
2023-09-17T14:00:59.999Z 3  54.88515  13.85799 
2023-09-18T12:01:00.000Z 3  54.88511  13.85807 
2023-09-18T12:31:59.999Z 3  54.88512  13.85805 
2023-09-18T13:31:00.000Z 3  54.88510  13.85797 
2023-09-18T16:00:59.999Z 3  54.88511  13.85805 
2023-09-18T16:31:00.000Z 3  54.88511  13.85805 
2023-09-18T17:00:59.999Z 3  54.88512  13.85807 
2023-09-18T17:30:59.999Z 3  54.88511  13.85812 
2023-09-18T18:01:00.000Z 3  54.88512  13.85809 
2023-09-18T19:00:59.999Z 3  54.88511  13.85818 
2023-09-18T19:31:00.000Z 3  54.88512  13.85814 
2023-09-18T20:00:59.999Z 3  54.88512  13.85814 
2023-09-18T21:01:00.000Z 3  54.88507  13.85812 
2023-09-18T21:30:59.999Z 3  54.88510  13.85814 
2023-09-18T22:31:00.000Z 3  54.88508  13.85822 
2023-09-18T23:00:59.999Z 3  54.88506  13.85822 
2023-09-19T00:01:00.000Z 3  54.88506  13.85827 
2023-09-19T00:30:59.999Z 3  54.88507  13.85831 
2023-09-19T01:00:59.999Z 3  54.88507  13.85829 
2023-09-19T01:31:00.000Z 3  54.88507  13.85831 
2023-09-19T02:00:59.999Z 3  54.88508  13.85837 
2023-09-19T04:00:59.999Z 3  54.88507  13.85872 
2023-09-20T04:31:00.000Z 3  54.88491  13.85917 
2023-09-20T05:00:59.999Z 3  54.88494  13.85919 
2023-09-20T05:30:59.999Z 3  54.88495  13.85915 
2023-09-20T06:01:00.000Z 3  54.88497  13.85902 
2023-09-20T06:33:00.000Z 3  54.88503  13.85891 
2023-09-20T07:31:00.000Z 3  54.88516  13.85859 
2023-09-20T11:30:59.999Z 3  54.88511  13.85889 
2023-09-20T12:01:00.000Z 3  54.88510  13.85889 
2023-09-20T12:30:59.999Z 3  54.88508  13.85874 
2023-09-20T13:31:00.000Z 3  54.88505  13.85850 
2023-09-20T14:00:59.999Z 3  54.88503  13.85835 
2023-09-20T14:30:59.999Z 3  54.88503  13.85824 
2023-09-20T15:01:00.000Z 3  54.88503  13.85814 
2023-09-20T16:00:59.999Z 3  54.88505  13.85831 
2023-09-20T19:00:59.999Z 3  54.88503  13.85844 
