202309010431	3	54.88471	1110000000000000	1	13.85968	1110000000000000	1
202309010501	3	54.88473	1110000000000000	1	13.85970	1110000000000000	1
202309010531	3	54.88470	1110000000000000	1	13.85970	1110000000000000	1
202309010631	3	54.88473	1110000000000000	1	13.85970	1110000000000000	1
202309012031	3	54.88482	1110000000000000	1	13.85945	1110000000000000	1
202309012101	3	54.88482	1110000000000000	1	13.85940	1110000000000000	1
202309012131	3	54.88481	1110000000000000	1	13.85940	1110000000000000	1
202309012301	3	54.88482	1110000000000000	1	13.85940	1110000000000000	1
202309012331	3	54.88484	1110000000000000	1	13.85936	1110000000000000	1
202309020001	3	54.88485	1110000000000000	1	13.85936	1110000000000000	1
202309020031	3	54.88485	1110000000000000	1	13.85936	1110000000000000	1
202309020101	3	54.88485	1110000000000000	1	13.85934	1110000000000000	1
202309020131	3	54.88485	1110000000000000	1	13.85932	1110000000000000	1
202309020201	3	54.88485	1110000000000000	1	13.85934	1110000000000000	1
202309020231	3	54.88486	1110000000000000	1	13.85927	1110000000000000	1
202309020301	3	54.88487	1110000000000000	1	13.85925	1110000000000000	1
202309020331	3	54.88491	1110000000000000	1	13.85923	1110000000000000	1
202309020401	3	54.88490	1110000000000000	1	13.85923	1110000000000000	1
202309020431	3	54.88487	1110000000000000	1	13.85927	1110000000000000	1
202309020501	3	54.88485	1110000000000000	1	13.85927	1110000000000000	1
202309020631	3	54.88485	1110000000000000	1	13.85927	1110000000000000	1
202309020701	3	54.88483	1110000000000000	1	13.85936	1110000000000000	1
202309020731	3	54.88483	1110000000000000	1	13.85932	1110000000000000	1
202309020801	3	54.88484	1110000000000000	1	13.85932	1110000000000000	1
202309020831	3	54.88481	1110000000000000	1	13.85932	1110000000000000	1
202309020931	3	54.88477	1110000000000000	1	13.85934	1110000000000000	1
202309021101	3	54.88474	1110000000000000	1	13.85934	1110000000000000	1
202309021131	3	54.88473	1110000000000000	1	13.85936	1110000000000000	1
202309021201	3	54.88468	1110000000000000	1	13.85942	1110000000000000	1
202309021231	3	54.88469	1110000000000000	1	13.85947	1110000000000000	1
202309021301	3	54.88468	1110000000000000	1	13.85942	1110000000000000	1
202309021331	3	54.88465	1110000000000000	1	13.85942	1110000000000000	1
202309021401	3	54.88470	1110000000000000	1	13.85940	1110000000000000	1
202309021601	3	54.88470	1110000000000000	1	13.85945	1110000000000000	1
202309021631	3	54.88470	1110000000000000	1	13.85940	1110000000000000	1
202309021701	3	54.88469	1110000000000000	1	13.85942	1110000000000000	1
202309021731	3	54.88466	1110000000000000	1	13.85947	1110000000000000	1
202309021801	3	54.88472	1110000000000000	1	13.85938	1110000000000000	1
202309021831	3	54.88470	1110000000000000	1	13.85942	1110000000000000	1
202309021901	3	54.88467	1110000000000000	1	13.85942	1110000000000000	1
202309022001	3	54.88464	1110000000000000	1	13.85947	1110000000000000	1
202309022031	3	54.88462	1110000000000000	1	13.85949	1110000000000000	1
202309022101	3	54.88461	1110000000000000	1	13.85949	1110000000000000	1
202309022131	3	54.88456	1110000000000000	1	13.85951	1110000000000000	1
202309022201	3	54.88451	1110000000000000	1	13.85953	1110000000000000	1
202309022231	3	54.88447	1110000000000000	1	13.85953	1110000000000000	1
202309022301	3	54.88441	1110000000000000	1	13.85955	1110000000000000	1
202309030001	3	54.88438	1110000000000000	1	13.85955	1110000000000000	1
202309030031	3	54.88426	1110000000000000	1	13.85957	1110000000000000	1
202309030131	3	54.88436	1110000000000000	1	13.85955	1110000000000000	1
202309030201	3	54.88437	1110000000000000	1	13.85955	1110000000000000	1
202309030231	3	54.88435	1110000000000000	1	13.85960	1110000000000000	1
202309030301	3	54.88437	1110000000000000	1	13.85957	1110000000000000	1
202309030401	3	54.88436	1110000000000000	1	13.85957	1110000000000000	1
202309030501	3	54.88439	1110000000000000	1	13.85957	1110000000000000	1
202309030531	3	54.88439	1110000000000000	1	13.85960	1110000000000000	1
202309030701	3	54.88437	1110000000000000	1	13.85962	1110000000000000	1
202309030731	3	54.88431	1110000000000000	1	13.85964	1110000000000000	1
202309030801	3	54.88423	1110000000000000	1	13.85964	1110000000000000	1
202309030831	3	54.88427	1110000000000000	1	13.85962	1110000000000000	1
202309030901	3	54.88412	1110000000000000	1	13.85962	1110000000000000	1
202309030931	3	54.88413	1110000000000000	1	13.85960	1110000000000000	1
202309031031	3	54.88404	1110000000000000	1	13.85953	1110000000000000	1
202309031101	3	54.88402	1110000000000000	1	13.85962	1110000000000000	1
202309031131	3	54.88403	1110000000000000	1	13.85962	1110000000000000	1
202309031201	3	54.88405	1110000000000000	1	13.85962	1110000000000000	1
202309031231	3	54.88405	1110000000000000	1	13.85962	1110000000000000	1
202309031331	3	54.88405	1110000000000000	1	13.85964	1110000000000000	1
202309031401	3	54.88407	1110000000000000	1	13.85966	1110000000000000	1
202309031531	3	54.88409	1110000000000000	1	13.85962	1110000000000000	1
202309031601	3	54.88412	1110000000000000	1	13.85964	1110000000000000	1
202309031631	3	54.88412	1110000000000000	1	13.85962	1110000000000000	1
202309031701	3	54.88412	1110000000000000	1	13.85964	1110000000000000	1
202309031731	3	54.88413	1110000000000000	1	13.85966	1110000000000000	1
202309031801	3	54.88417	1110000000000000	1	13.85966	1110000000000000	1
202309031831	3	54.88419	1110000000000000	1	13.85966	1110000000000000	1
202309031901	3	54.88422	1110000000000000	1	13.85968	1110000000000000	1
202309032001	3	54.88428	1110000000000000	1	13.85972	1110000000000000	1
202309032031	3	54.88433	1110000000000000	1	13.85975	1110000000000000	1
202309032101	3	54.88436	1110000000000000	1	13.85977	1110000000000000	1
202309032131	3	54.88440	1110000000000000	1	13.85979	1110000000000000	1
202309032201	3	54.88441	1110000000000000	1	13.85981	1110000000000000	1
202309032231	3	54.88442	1110000000000000	1	13.85983	1110000000000000	1
202309032301	3	54.88444	1110000000000000	1	13.85981	1110000000000000	1
202309040531	3	54.88425	1110000000000000	1	13.85975	1110000000000000	1
202309040601	3	54.88425	1110000000000000	1	13.85975	1110000000000000	1
202309040631	3	54.88427	1110000000000000	1	13.85977	1110000000000000	1
202309040701	3	54.88433	1110000000000000	1	13.85979	1110000000000000	1
202309040731	3	54.88434	1110000000000000	1	13.85981	1110000000000000	1
202309040801	3	54.88438	1110000000000000	1	13.85977	1110000000000000	1
202309040831	3	54.88440	1110000000000000	1	13.85977	1110000000000000	1
202309040901	3	54.88442	1110000000000000	1	13.85979	1110000000000000	1
202309040931	3	54.88443	1110000000000000	1	13.85975	1110000000000000	1
202309041001	3	54.88442	1110000000000000	1	13.85977	1110000000000000	1
202309041031	3	54.88440	1110000000000000	1	13.85972	1110000000000000	1
202309041201	3	54.88440	1110000000000000	1	13.85981	1110000000000000	1
202309041231	3	54.88448	1110000000000000	1	13.85981	1110000000000000	1
202309041301	3	54.88444	1110000000000000	1	13.85983	1110000000000000	1
202309041331	3	54.88439	1110000000000000	1	13.85981	1110000000000000	1
202309041401	3	54.88439	1110000000000000	1	13.85983	1110000000000000	1
202309041431	3	54.88432	1110000000000000	1	13.85981	1110000000000000	1
202309041631	3	54.88438	1110000000000000	1	13.85981	1110000000000000	1
202309041701	3	54.88440	1110000000000000	1	13.85977	1110000000000000	1
202309041731	3	54.88441	1110000000000000	1	13.85977	1110000000000000	1
202309041801	3	54.88440	1110000000000000	1	13.85977	1110000000000000	1
202309041931	3	54.88446	1110000000000000	1	13.85975	1110000000000000	1
202309042001	3	54.88447	1110000000000000	1	13.85972	1110000000000000	1
202309042031	3	54.88447	1110000000000000	1	13.85972	1110000000000000	1
202309042101	3	54.88448	1110000000000000	1	13.85972	1110000000000000	1
202309042131	3	54.88446	1110000000000000	1	13.85977	1110000000000000	1
202309042201	3	54.88443	1110000000000000	1	13.85977	1110000000000000	1
202309042301	3	54.88442	1110000000000000	1	13.85977	1110000000000000	1
202309042331	3	54.88440	1110000000000000	1	13.85977	1110000000000000	1
202309050001	3	54.88438	1110000000000000	1	13.85977	1110000000000000	1
202309050031	3	54.88438	1110000000000000	1	13.85977	1110000000000000	1
202309050101	3	54.88437	1110000000000000	1	13.85979	1110000000000000	1
202309050131	3	54.88433	1110000000000000	1	13.85979	1110000000000000	1
202309050201	3	54.88432	1110000000000000	1	13.85977	1110000000000000	1
202309050231	3	54.88432	1110000000000000	1	13.85977	1110000000000000	1
202309050301	3	54.88429	1110000000000000	1	13.85975	1110000000000000	1
202309050331	3	54.88431	1110000000000000	1	13.85975	1110000000000000	1
202309050401	3	54.88432	1110000000000000	1	13.85975	1110000000000000	1
202309050431	3	54.88432	1110000000000000	1	13.85975	1110000000000000	1
202309050501	3	54.88434	1110000000000000	1	13.85975	1110000000000000	1
202309050531	3	54.88436	1110000000000000	1	13.85975	1110000000000000	1
202309050601	3	54.88437	1110000000000000	1	13.85975	1110000000000000	1
202309050631	3	54.88438	1110000000000000	1	13.85975	1110000000000000	1
202309050701	3	54.88437	1110000000000000	1	13.85975	1110000000000000	1
202309050731	3	54.88441	1110000000000000	1	13.85975	1110000000000000	1
202309050801	3	54.88446	1110000000000000	1	13.85972	1110000000000000	1
202309050831	3	54.88447	1110000000000000	1	13.85970	1110000000000000	1
202309050901	3	54.88448	1110000000000000	1	13.85970	1110000000000000	1
202309050931	3	54.88450	1110000000000000	1	13.85968	1110000000000000	1
202309051001	3	54.88452	1110000000000000	1	13.85968	1110000000000000	1
202309051031	3	54.88453	1110000000000000	1	13.85966	1110000000000000	1
202309051101	3	54.88456	1110000000000000	1	13.85964	1110000000000000	1
202309051131	3	54.88459	1110000000000000	1	13.85964	1110000000000000	1
202309051201	3	54.88464	1110000000000000	1	13.85960	1110000000000000	1
202309051231	3	54.88468	1110000000000000	1	13.85957	1110000000000000	1
202309051301	3	54.88470	1110000000000000	1	13.85957	1110000000000000	1
202309051331	3	54.88473	1110000000000000	1	13.85957	1110000000000000	1
202309051401	3	54.88476	1110000000000000	1	13.85955	1110000000000000	1
202309051431	3	54.88479	1110000000000000	1	13.85953	1110000000000000	1
202309051501	3	54.88479	1110000000000000	1	13.85953	1110000000000000	1
202309051531	3	54.88480	1110000000000000	1	13.85951	1110000000000000	1
202309051601	3	54.88481	1110000000000000	1	13.85949	1110000000000000	1
202309051631	3	54.88483	1110000000000000	1	13.85947	1110000000000000	1
202309051701	3	54.88482	1110000000000000	1	13.85949	1110000000000000	1
202309051731	3	54.88480	1110000000000000	1	13.85949	1110000000000000	1
202309051801	3	54.88478	1110000000000000	1	13.85951	1110000000000000	1
202309051831	3	54.88477	1110000000000000	1	13.85951	1110000000000000	1
202309051901	3	54.88479	1110000000000000	1	13.85949	1110000000000000	1
202309051931	3	54.88479	1110000000000000	1	13.85947	1110000000000000	1
202309052001	3	54.88478	1110000000000000	1	13.85947	1110000000000000	1
202309052031	3	54.88478	1110000000000000	1	13.85942	1110000000000000	1
202309052101	3	54.88479	1110000000000000	1	13.85940	1110000000000000	1
202309052131	3	54.88480	1110000000000000	1	13.85940	1110000000000000	1
202309052201	3	54.88479	1110000000000000	1	13.85938	1110000000000000	1
202309052231	3	54.88480	1110000000000000	1	13.85938	1110000000000000	1
202309052301	3	54.88478	1110000000000000	1	13.85938	1110000000000000	1
202309052331	3	54.88479	1110000000000000	1	13.85936	1110000000000000	1
202309060001	3	54.88479	1110000000000000	1	13.85938	1110000000000000	1
202309060031	3	54.88480	1110000000000000	1	13.85938	1110000000000000	1
202309060101	3	54.88482	1110000000000000	1	13.85938	1110000000000000	1
202309060131	3	54.88481	1110000000000000	1	13.85938	1110000000000000	1
202309060231	3	54.88481	1110000000000000	1	13.85938	1110000000000000	1
202309060301	3	54.88481	1110000000000000	1	13.85940	1110000000000000	1
202309060331	3	54.88481	1110000000000000	1	13.85940	1110000000000000	1
202309060401	3	54.88482	1110000000000000	1	13.85936	1110000000000000	1
202309060431	3	54.88482	1110000000000000	1	13.85934	1110000000000000	1
202309060531	3	54.88485	1110000000000000	1	13.85936	1110000000000000	1
202309060601	3	54.88485	1110000000000000	1	13.85934	1110000000000000	1
202309060631	3	54.88485	1110000000000000	1	13.85934	1110000000000000	1
202309060701	3	54.88487	1110000000000000	1	13.85934	1110000000000000	1
202309060731	3	54.88487	1110000000000000	1	13.85927	1110000000000000	1
202309060831	3	54.88488	1110000000000000	1	13.85925	1110000000000000	1
202309061031	3	54.88491	1110000000000000	1	13.85919	1110000000000000	1
202309061101	3	54.88493	1110000000000000	1	13.85912	1110000000000000	1
202309061201	3	54.88492	1110000000000000	1	13.85912	1110000000000000	1
202309061231	3	54.88492	1110000000000000	1	13.85917	1110000000000000	1
202309061301	3	54.88491	1110000000000000	1	13.85919	1110000000000000	1
202309061331	3	54.88488	1110000000000000	1	13.85921	1110000000000000	1
202309061401	3	54.88485	1110000000000000	1	13.85925	1110000000000000	1
202309061431	3	54.88481	1110000000000000	1	13.85934	1110000000000000	1
202309061501	3	54.88478	1110000000000000	1	13.85938	1110000000000000	1
202309061531	3	54.88474	1110000000000000	1	13.85940	1110000000000000	1
202309061601	3	54.88473	1110000000000000	1	13.85942	1110000000000000	1
202309061631	3	54.88470	1110000000000000	1	13.85947	1110000000000000	1
202309061701	3	54.88470	1110000000000000	1	13.85947	1110000000000000	1
202309061731	3	54.88472	1110000000000000	1	13.85949	1110000000000000	1
202309061801	3	54.88473	1110000000000000	1	13.85949	1110000000000000	1
202309061831	3	54.88474	1110000000000000	1	13.85949	1110000000000000	1
202309061901	3	54.88469	1110000000000000	1	13.85951	1110000000000000	1
202309061931	3	54.88463	1110000000000000	1	13.85953	1110000000000000	1
202309062001	3	54.88461	1110000000000000	1	13.85953	1110000000000000	1
202309062201	3	54.88444	1110000000000000	1	13.85962	1110000000000000	1
202309062231	3	54.88443	1110000000000000	1	13.85962	1110000000000000	1
202309062301	3	54.88442	1110000000000000	1	13.85962	1110000000000000	1
202309062331	3	54.88442	1110000000000000	1	13.85960	1110000000000000	1
202309070001	3	54.88446	1110000000000000	1	13.85962	1110000000000000	1
202309070031	3	54.88447	1110000000000000	1	13.85960	1110000000000000	1
202309070101	3	54.88449	1110000000000000	1	13.85960	1110000000000000	1
202309070201	3	54.88450	1110000000000000	1	13.85962	1110000000000000	1
202309070301	3	54.88457	1110000000000000	1	13.85962	1110000000000000	1
202309070331	3	54.88459	1110000000000000	1	13.85957	1110000000000000	1
202309070401	3	54.88458	1110000000000000	1	13.85957	1110000000000000	1
202309070431	3	54.88462	1110000000000000	1	13.85955	1110000000000000	1
202309070501	3	54.88459	1110000000000000	1	13.85957	1110000000000000	1
202309070531	3	54.88461	1110000000000000	1	13.85957	1110000000000000	1
202309070601	3	54.88463	1110000000000000	1	13.85955	1110000000000000	1
202309070731	3	54.88467	1110000000000000	1	13.85953	1110000000000000	1
202309070801	3	54.88468	1110000000000000	1	13.85955	1110000000000000	1
202309070831	3	54.88469	1110000000000000	1	13.85953	1110000000000000	1
202309071201	3	54.88472	1110000000000000	1	13.85949	1110000000000000	1
202309071231	3	54.88472	1110000000000000	1	13.85949	1110000000000000	1
202309071301	3	54.88471	1110000000000000	1	13.85949	1110000000000000	1
202309071331	3	54.88474	1110000000000000	1	13.85947	1110000000000000	1
202309071401	3	54.88473	1110000000000000	1	13.85949	1110000000000000	1
202309071431	3	54.88477	1110000000000000	1	13.85947	1110000000000000	1
202309071501	3	54.88476	1110000000000000	1	13.85947	1110000000000000	1
202309071531	3	54.88473	1110000000000000	1	13.85947	1110000000000000	1
202309071601	3	54.88478	1110000000000000	1	13.85947	1110000000000000	1
202309071631	3	54.88479	1110000000000000	1	13.85947	1110000000000000	1
202309071701	3	54.88482	1110000000000000	1	13.85945	1110000000000000	1
202309071731	3	54.88480	1110000000000000	1	13.85947	1110000000000000	1
202309071801	3	54.88479	1110000000000000	1	13.85949	1110000000000000	1
202309071831	3	54.88479	1110000000000000	1	13.85947	1110000000000000	1
202309071901	3	54.88480	1110000000000000	1	13.85945	1110000000000000	1
202309071931	3	54.88480	1110000000000000	1	13.85945	1110000000000000	1
202309072001	3	54.88478	1110000000000000	1	13.85945	1110000000000000	1
202309072031	3	54.88480	1110000000000000	1	13.85945	1110000000000000	1
202309072101	3	54.88479	1110000000000000	1	13.85945	1110000000000000	1
202309072131	3	54.88482	1110000000000000	1	13.85942	1110000000000000	1
202309072201	3	54.88481	1110000000000000	1	13.85945	1110000000000000	1
202309072231	3	54.88481	1110000000000000	1	13.85947	1110000000000000	1
202309072301	3	54.88481	1110000000000000	1	13.85945	1110000000000000	1
202309072331	3	54.88484	1110000000000000	1	13.85940	1110000000000000	1
202309080001	3	54.88486	1110000000000000	1	13.85940	1110000000000000	1
202309080031	3	54.88486	1110000000000000	1	13.85938	1110000000000000	1
202309080101	3	54.88486	1110000000000000	1	13.85936	1110000000000000	1
202309080131	3	54.88487	1110000000000000	1	13.85934	1110000000000000	1
202309080201	3	54.88490	1110000000000000	1	13.85934	1110000000000000	1
202309080231	3	54.88490	1110000000000000	1	13.85932	1110000000000000	1
202309080301	3	54.88488	1110000000000000	1	13.85934	1110000000000000	1
202309080331	3	54.88490	1110000000000000	1	13.85934	1110000000000000	1
202309080401	3	54.88488	1110000000000000	1	13.85934	1110000000000000	1
202309080431	3	54.88488	1110000000000000	1	13.85936	1110000000000000	1
202309080501	3	54.88488	1110000000000000	1	13.85936	1110000000000000	1
202309080531	3	54.88488	1110000000000000	1	13.85938	1110000000000000	1
202309080601	3	54.88487	1110000000000000	1	13.85942	1110000000000000	1
202309080631	3	54.88486	1110000000000000	1	13.85942	1110000000000000	1
202309080701	3	54.88486	1110000000000000	1	13.85942	1110000000000000	1
202309080731	3	54.88485	1110000000000000	1	13.85940	1110000000000000	1
202309080801	3	54.88484	1110000000000000	1	13.85940	1110000000000000	1
202309080831	3	54.88485	1110000000000000	1	13.85940	1110000000000000	1
202309080901	3	54.88487	1110000000000000	1	13.85938	1110000000000000	1
202309080931	3	54.88487	1110000000000000	1	13.85936	1110000000000000	1
202309081031	3	54.88484	1110000000000000	1	13.85934	1110000000000000	1
202309081101	3	54.88485	1110000000000000	1	13.85934	1110000000000000	1
202309081131	3	54.88487	1110000000000000	1	13.85927	1110000000000000	1
202309081201	3	54.88486	1110000000000000	1	13.85930	1110000000000000	1
202309081231	3	54.88483	1110000000000000	1	13.85934	1110000000000000	1
202309081331	3	54.88481	1110000000000000	1	13.85936	1110000000000000	1
202309081401	3	54.88479	1110000000000000	1	13.85938	1110000000000000	1
202309081431	3	54.88477	1110000000000000	1	13.85940	1110000000000000	1
202309081602	3	54.88476	1110000000000000	1	13.85945	1110000000000000	1
202309081631	3	54.88476	1110000000000000	1	13.85945	1110000000000000	1
202309081731	3	54.88473	1110000000000000	1	13.85947	1110000000000000	1
202309081801	3	54.88470	1110000000000000	1	13.85951	1110000000000000	1
202309081831	3	54.88466	1110000000000000	1	13.85955	1110000000000000	1
202309081901	3	54.88465	1110000000000000	1	13.85955	1110000000000000	1
202309082001	3	54.88466	1110000000000000	1	13.85955	1110000000000000	1
202309082031	3	54.88464	1110000000000000	1	13.85955	1110000000000000	1
202309082101	3	54.88463	1110000000000000	1	13.85957	1110000000000000	1
202309082131	3	54.88463	1110000000000000	1	13.85957	1110000000000000	1
202309082201	3	54.88462	1110000000000000	1	13.85957	1110000000000000	1
202309082231	3	54.88461	1110000000000000	1	13.85957	1110000000000000	1
202309082301	3	54.88462	1110000000000000	1	13.85957	1110000000000000	1
202309082331	3	54.88462	1110000000000000	1	13.85955	1110000000000000	1
202309090001	3	54.88463	1110000000000000	1	13.85955	1110000000000000	1
202309090031	3	54.88464	1110000000000000	1	13.85955	1110000000000000	1
202309090101	3	54.88464	1110000000000000	1	13.85955	1110000000000000	1
202309090131	3	54.88463	1110000000000000	1	13.85955	1110000000000000	1
202309090201	3	54.88464	1110000000000000	1	13.85955	1110000000000000	1
202309090231	3	54.88463	1110000000000000	1	13.85955	1110000000000000	1
202309090301	3	54.88463	1110000000000000	1	13.85957	1110000000000000	1
202309090331	3	54.88464	1110000000000000	1	13.85955	1110000000000000	1
202309090401	3	54.88464	1110000000000000	1	13.85955	1110000000000000	1
202309090431	3	54.88465	1110000000000000	1	13.85957	1110000000000000	1
202309090501	3	54.88464	1110000000000000	1	13.85960	1110000000000000	1
202309090531	3	54.88464	1110000000000000	1	13.85957	1110000000000000	1
202309090601	3	54.88464	1110000000000000	1	13.85957	1110000000000000	1
202309090631	3	54.88467	1110000000000000	1	13.85957	1110000000000000	1
202309090701	3	54.88469	1110000000000000	1	13.85953	1110000000000000	1
202309090731	3	54.88470	1110000000000000	1	13.85951	1110000000000000	1
202309090801	3	54.88472	1110000000000000	1	13.85949	1110000000000000	1
202309090831	3	54.88473	1110000000000000	1	13.85947	1110000000000000	1
202309090901	3	54.88477	1110000000000000	1	13.85942	1110000000000000	1
202309090931	3	54.88479	1110000000000000	1	13.85940	1110000000000000	1
202309091001	3	54.88482	1110000000000000	1	13.85936	1110000000000000	1
202309091031	3	54.88484	1110000000000000	1	13.85932	1110000000000000	1
202309091131	3	54.88488	1110000000000000	1	13.85925	1110000000000000	1
202309091201	3	54.88490	1110000000000000	1	13.85921	1110000000000000	1
202309091231	3	54.88491	1110000000000000	1	13.85921	1110000000000000	1
202309091301	3	54.88492	1110000000000000	1	13.85921	1110000000000000	1
202309091331	3	54.88491	1110000000000000	1	13.85919	1110000000000000	1
202309091401	3	54.88491	1110000000000000	1	13.85921	1110000000000000	1
202309091431	3	54.88491	1110000000000000	1	13.85921	1110000000000000	1
202309091501	3	54.88491	1110000000000000	1	13.85921	1110000000000000	1
202309091531	3	54.88492	1110000000000000	1	13.85921	1110000000000000	1
202309091601	3	54.88491	1110000000000000	1	13.85923	1110000000000000	1
202309091631	3	54.88492	1110000000000000	1	13.85923	1110000000000000	1
202309091701	3	54.88491	1110000000000000	1	13.85927	1110000000000000	1
202309091731	3	54.88488	1110000000000000	1	13.85930	1110000000000000	1
202309091801	3	54.88485	1110000000000000	1	13.85936	1110000000000000	1
202309091831	3	54.88485	1110000000000000	1	13.85936	1110000000000000	1
202309091901	3	54.88485	1110000000000000	1	13.85938	1110000000000000	1
202309091931	3	54.88485	1110000000000000	1	13.85936	1110000000000000	1
202309092001	3	54.88485	1110000000000000	1	13.85934	1110000000000000	1
202309092031	3	54.88485	1110000000000000	1	13.85934	1110000000000000	1
202309092102	3	54.88485	1110000000000000	1	13.85934	1110000000000000	1
202309092131	3	54.88485	1110000000000000	1	13.85934	1110000000000000	1
202309092201	3	54.88488	1110000000000000	1	13.85932	1110000000000000	1
202309092231	3	54.88490	1110000000000000	1	13.85930	1110000000000000	1
202309092301	3	54.88492	1110000000000000	1	13.85927	1110000000000000	1
202309092331	3	54.88491	1110000000000000	1	13.85925	1110000000000000	1
202309100001	3	54.88490	1110000000000000	1	13.85927	1110000000000000	1
202309100031	3	54.88491	1110000000000000	1	13.85927	1110000000000000	1
202309100101	3	54.88488	1110000000000000	1	13.85932	1110000000000000	1
202309100201	3	54.88488	1110000000000000	1	13.85932	1110000000000000	1
202309100231	3	54.88488	1110000000000000	1	13.85932	1110000000000000	1
202309100301	3	54.88488	1110000000000000	1	13.85934	1110000000000000	1
202309100401	3	54.88486	1110000000000000	1	13.85932	1110000000000000	1
202309100431	3	54.88486	1110000000000000	1	13.85934	1110000000000000	1
202309100501	3	54.88488	1110000000000000	1	13.85932	1110000000000000	1
202309100531	3	54.88490	1110000000000000	1	13.85934	1110000000000000	1
202309100601	3	54.88488	1110000000000000	1	13.85936	1110000000000000	1
202309100631	3	54.88487	1110000000000000	1	13.85934	1110000000000000	1
202309100701	3	54.88488	1110000000000000	1	13.85934	1110000000000000	1
202309100731	3	54.88490	1110000000000000	1	13.85932	1110000000000000	1
202309100801	3	54.88490	1110000000000000	1	13.85930	1110000000000000	1
202309100831	3	54.88491	1110000000000000	1	13.85927	1110000000000000	1
202309100931	3	54.88493	1110000000000000	1	13.85925	1110000000000000	1
202309101001	3	54.88493	1110000000000000	1	13.85923	1110000000000000	1
202309101031	3	54.88493	1110000000000000	1	13.85923	1110000000000000	1
202309101101	3	54.88494	1110000000000000	1	13.85921	1110000000000000	1
202309101301	3	54.88491	1110000000000000	1	13.85923	1110000000000000	1
202309101401	3	54.88486	1110000000000000	1	13.85930	1110000000000000	1
202309101431	3	54.88485	1110000000000000	1	13.85932	1110000000000000	1
202309101501	3	54.88485	1110000000000000	1	13.85932	1110000000000000	1
202309101531	3	54.88482	1110000000000000	1	13.85938	1110000000000000	1
202309101601	3	54.88481	1110000000000000	1	13.85945	1110000000000000	1
202309101631	3	54.88479	1110000000000000	1	13.85947	1110000000000000	1
202309101701	3	54.88476	1110000000000000	1	13.85949	1110000000000000	1
202309101731	3	54.88472	1110000000000000	1	13.85953	1110000000000000	1
202309101801	3	54.88470	1110000000000000	1	13.85955	1110000000000000	1
202309101831	3	54.88468	1110000000000000	1	13.85960	1110000000000000	1
202309101901	3	54.88468	1110000000000000	1	13.85960	1110000000000000	1
202309101931	3	54.88467	1110000000000000	1	13.85957	1110000000000000	1
202309102001	3	54.88467	1110000000000000	1	13.85957	1110000000000000	1
202309102031	3	54.88468	1110000000000000	1	13.85957	1110000000000000	1
202309102101	3	54.88467	1110000000000000	1	13.85957	1110000000000000	1
202309102131	3	54.88466	1110000000000000	1	13.85955	1110000000000000	1
202309102201	3	54.88465	1110000000000000	1	13.85957	1110000000000000	1
202309102231	3	54.88465	1110000000000000	1	13.85955	1110000000000000	1
202309102301	3	54.88464	1110000000000000	1	13.85955	1110000000000000	1
202309102331	3	54.88463	1110000000000000	1	13.85955	1110000000000000	1
202309110001	3	54.88459	1110000000000000	1	13.85955	1110000000000000	1
202309110031	3	54.88453	1110000000000000	1	13.85957	1110000000000000	1
202309110101	3	54.88452	1110000000000000	1	13.85957	1110000000000000	1
202309110131	3	54.88448	1110000000000000	1	13.85953	1110000000000000	1
202309110201	3	54.88449	1110000000000000	1	13.85955	1110000000000000	1
202309110231	3	54.88451	1110000000000000	1	13.85957	1110000000000000	1
202309110301	3	54.88454	1110000000000000	1	13.85955	1110000000000000	1
202309110331	3	54.88455	1110000000000000	1	13.85955	1110000000000000	1
202309110401	3	54.88455	1110000000000000	1	13.85955	1110000000000000	1
202309110431	3	54.88456	1110000000000000	1	13.85955	1110000000000000	1
202309110501	3	54.88457	1110000000000000	1	13.85953	1110000000000000	1
202309110531	3	54.88458	1110000000000000	1	13.85955	1110000000000000	1
202309110601	3	54.88459	1110000000000000	1	13.85955	1110000000000000	1
202309110631	3	54.88463	1110000000000000	1	13.85957	1110000000000000	1
202309110701	3	54.88464	1110000000000000	1	13.85957	1110000000000000	1
202309110731	3	54.88464	1110000000000000	1	13.85957	1110000000000000	1
202309110801	3	54.88463	1110000000000000	1	13.85960	1110000000000000	1
202309110831	3	54.88461	1110000000000000	1	13.85960	1110000000000000	1
202309110901	3	54.88456	1110000000000000	1	13.85962	1110000000000000	1
202309110931	3	54.88454	1110000000000000	1	13.85964	1110000000000000	1
202309111001	3	54.88450	1110000000000000	1	13.85964	1110000000000000	1
202309111101	3	54.88451	1110000000000000	1	13.85962	1110000000000000	1
202309111131	3	54.88452	1110000000000000	1	13.85962	1110000000000000	1
202309111331	3	54.88455	1110000000000000	1	13.85955	1110000000000000	1
202309111401	3	54.88456	1110000000000000	1	13.85955	1110000000000000	1
202309111431	3	54.88461	1110000000000000	1	13.85951	1110000000000000	1
202309111501	3	54.88463	1110000000000000	1	13.85949	1110000000000000	1
202309111531	3	54.88464	1110000000000000	1	13.85949	1110000000000000	1
202309111601	3	54.88466	1110000000000000	1	13.85947	1110000000000000	1
202309111631	3	54.88464	1110000000000000	1	13.85947	1110000000000000	1
202309111701	3	54.88461	1110000000000000	1	13.85949	1110000000000000	1
202309111731	3	54.88452	1110000000000000	1	13.85957	1110000000000000	1
202309111801	3	54.88450	1110000000000000	1	13.85957	1110000000000000	1
202309111831	3	54.88446	1110000000000000	1	13.85962	1110000000000000	1
202309111901	3	54.88444	1110000000000000	1	13.85964	1110000000000000	1
202309111931	3	54.88446	1110000000000000	1	13.85964	1110000000000000	1
202309112001	3	54.88447	1110000000000000	1	13.85964	1110000000000000	1
202309112031	3	54.88449	1110000000000000	1	13.85964	1110000000000000	1
202309112101	3	54.88450	1110000000000000	1	13.85964	1110000000000000	1
202309112131	3	54.88450	1110000000000000	1	13.85964	1110000000000000	1
202309112201	3	54.88452	1110000000000000	1	13.85964	1110000000000000	1
202309112301	3	54.88453	1110000000000000	1	13.85964	1110000000000000	1
202309112331	3	54.88456	1110000000000000	1	13.85962	1110000000000000	1
202309120001	3	54.88457	1110000000000000	1	13.85962	1110000000000000	1
202309120031	3	54.88457	1110000000000000	1	13.85960	1110000000000000	1
202309120101	3	54.88459	1110000000000000	1	13.85960	1110000000000000	1
202309120131	3	54.88461	1110000000000000	1	13.85960	1110000000000000	1
202309120201	3	54.88461	1110000000000000	1	13.85962	1110000000000000	1
202309120231	3	54.88463	1110000000000000	1	13.85960	1110000000000000	1
202309120301	3	54.88465	1110000000000000	1	13.85957	1110000000000000	1
202309120331	3	54.88464	1110000000000000	1	13.85955	1110000000000000	1
202309120401	3	54.88466	1110000000000000	1	13.85953	1110000000000000	1
202309120431	3	54.88468	1110000000000000	1	13.85953	1110000000000000	1
202309120501	3	54.88469	1110000000000000	1	13.85953	1110000000000000	1
202309120531	3	54.88469	1110000000000000	1	13.85955	1110000000000000	1
202309120601	3	54.88465	1110000000000000	1	13.85957	1110000000000000	1
202309120631	3	54.88464	1110000000000000	1	13.85962	1110000000000000	1
202309120701	3	54.88463	1110000000000000	1	13.85962	1110000000000000	1
202309120731	3	54.88462	1110000000000000	1	13.85964	1110000000000000	1
202309120801	3	54.88462	1110000000000000	1	13.85966	1110000000000000	1
202309120931	3	54.88462	1110000000000000	1	13.85966	1110000000000000	1
202309121001	3	54.88461	1110000000000000	1	13.85966	1110000000000000	1
202309121201	3	54.88464	1110000000000000	1	13.85962	1110000000000000	1
202309121301	3	54.88465	1110000000000000	1	13.85960	1110000000000000	1
202309121331	3	54.88462	1110000000000000	1	13.85960	1110000000000000	1
202309121401	3	54.88462	1110000000000000	1	13.85960	1110000000000000	1
202309121431	3	54.88463	1110000000000000	1	13.85957	1110000000000000	1
202309121501	3	54.88463	1110000000000000	1	13.85962	1110000000000000	1
202309121531	3	54.88466	1110000000000000	1	13.85962	1110000000000000	1
202309121631	3	54.88465	1110000000000000	1	13.85962	1110000000000000	1
202309121701	3	54.88467	1110000000000000	1	13.85962	1110000000000000	1
202309121731	3	54.88467	1110000000000000	1	13.85964	1110000000000000	1
202309121801	3	54.88468	1110000000000000	1	13.85964	1110000000000000	1
202309121831	3	54.88465	1110000000000000	1	13.85966	1110000000000000	1
202309121901	3	54.88466	1110000000000000	1	13.85966	1110000000000000	1
202309121931	3	54.88467	1110000000000000	1	13.85966	1110000000000000	1
202309122001	3	54.88467	1110000000000000	1	13.85966	1110000000000000	1
202309122031	3	54.88467	1110000000000000	1	13.85966	1110000000000000	1
202309122101	3	54.88466	1110000000000000	1	13.85968	1110000000000000	1
202309122131	3	54.88463	1110000000000000	1	13.85968	1110000000000000	1
202309122201	3	54.88463	1110000000000000	1	13.85968	1110000000000000	1
202309122231	3	54.88463	1110000000000000	1	13.85968	1110000000000000	1
202309122301	3	54.88464	1110000000000000	1	13.85968	1110000000000000	1
202309122331	3	54.88465	1110000000000000	1	13.85966	1110000000000000	1
202309130001	3	54.88467	1110000000000000	1	13.85964	1110000000000000	1
202309130031	3	54.88467	1110000000000000	1	13.85966	1110000000000000	1
202309130101	3	54.88467	1110000000000000	1	13.85964	1110000000000000	1
202309130131	3	54.88467	1110000000000000	1	13.85964	1110000000000000	1
202309130201	3	54.88468	1110000000000000	1	13.85964	1110000000000000	1
202309130231	3	54.88469	1110000000000000	1	13.85962	1110000000000000	1
202309130301	3	54.88469	1110000000000000	1	13.85964	1110000000000000	1
202309130331	3	54.88469	1110000000000000	1	13.85964	1110000000000000	1
202309130401	3	54.88468	1110000000000000	1	13.85964	1110000000000000	1
202309130431	3	54.88466	1110000000000000	1	13.85966	1110000000000000	1
202309130501	3	54.88468	1110000000000000	1	13.85966	1110000000000000	1
202309130531	3	54.88468	1110000000000000	1	13.85966	1110000000000000	1
202309130601	3	54.88470	1110000000000000	1	13.85966	1110000000000000	1
202309130631	3	54.88470	1110000000000000	1	13.85968	1110000000000000	1
202309130701	3	54.88469	1110000000000000	1	13.85966	1110000000000000	1
202309130731	3	54.88468	1110000000000000	1	13.85966	1110000000000000	1
202309130801	3	54.88470	1110000000000000	1	13.85964	1110000000000000	1
202309130831	3	54.88472	1110000000000000	1	13.85962	1110000000000000	1
202309130901	3	54.88477	1110000000000000	1	13.85957	1110000000000000	1
202309130931	3	54.88472	1110000000000000	1	13.85955	1110000000000000	1
202309131001	3	54.88471	1110000000000000	1	13.85962	1110000000000000	1
202309131031	3	54.88470	1110000000000000	1	13.85966	1110000000000000	1
202309131101	3	54.88470	1110000000000000	1	13.85966	1110000000000000	1
202309131131	3	54.88472	1110000000000000	1	13.85966	1110000000000000	1
202309131201	3	54.88474	1110000000000000	1	13.85964	1110000000000000	1
202309131231	3	54.88473	1110000000000000	1	13.85966	1110000000000000	1
202309140201	3	54.88464	1110000000000000	1	13.85964	1110000000000000	1
202309140231	3	54.88463	1110000000000000	1	13.85964	1110000000000000	1
202309140301	3	54.88464	1110000000000000	1	13.85964	1110000000000000	1
202309140331	3	54.88465	1110000000000000	1	13.85966	1110000000000000	1
202309140401	3	54.88466	1110000000000000	1	13.85964	1110000000000000	1
202309140431	3	54.88467	1110000000000000	1	13.85964	1110000000000000	1
202309140501	3	54.88466	1110000000000000	1	13.85966	1110000000000000	1
202309140531	3	54.88464	1110000000000000	1	13.85966	1110000000000000	1
202309140601	3	54.88463	1110000000000000	1	13.85970	1110000000000000	1
202309140631	3	54.88464	1110000000000000	1	13.85972	1110000000000000	1
202309140701	3	54.88463	1110000000000000	1	13.85975	1110000000000000	1
202309140731	3	54.88459	1110000000000000	1	13.85977	1110000000000000	1
202309140801	3	54.88461	1110000000000000	1	13.85977	1110000000000000	1
202309140831	3	54.88458	1110000000000000	1	13.85975	1110000000000000	1
202309140931	3	54.88453	1110000000000000	1	13.85979	1110000000000000	1
202309141001	3	54.88451	1110000000000000	1	13.85981	1110000000000000	1
202309141031	3	54.88449	1110000000000000	1	13.85981	1110000000000000	1
202309141101	3	54.88449	1110000000000000	1	13.85981	1110000000000000	1
202309141131	3	54.88448	1110000000000000	1	13.85981	1110000000000000	1
202309141201	3	54.88449	1110000000000000	1	13.85981	1110000000000000	1
202309141231	3	54.88448	1110000000000000	1	13.85979	1110000000000000	1
202309141301	3	54.88447	1110000000000000	1	13.85979	1110000000000000	1
202309141331	3	54.88449	1110000000000000	1	13.85975	1110000000000000	1
202309141401	3	54.88449	1110000000000000	1	13.85975	1110000000000000	1
202309141531	3	54.88449	1110000000000000	1	13.85983	1110000000000000	1
202309141601	3	54.88449	1110000000000000	1	13.85979	1110000000000000	1
202309141631	3	54.88448	1110000000000000	1	13.85981	1110000000000000	1
202309141701	3	54.88449	1110000000000000	1	13.85981	1110000000000000	1
202309141731	3	54.88449	1110000000000000	1	13.85981	1110000000000000	1
202309141801	3	54.88448	1110000000000000	1	13.85981	1110000000000000	1
202309141831	3	54.88448	1110000000000000	1	13.85985	1110000000000000	1
202309141901	3	54.88449	1110000000000000	1	13.85985	1110000000000000	1
202309141931	3	54.88448	1110000000000000	1	13.85983	1110000000000000	1
202309142001	3	54.88448	1110000000000000	1	13.85983	1110000000000000	1
202309142031	3	54.88448	1110000000000000	1	13.85985	1110000000000000	1
202309142101	3	54.88450	1110000000000000	1	13.85983	1110000000000000	1
202309142131	3	54.88452	1110000000000000	1	13.85983	1110000000000000	1
202309142201	3	54.88451	1110000000000000	1	13.85981	1110000000000000	1
202309142231	3	54.88453	1110000000000000	1	13.85981	1110000000000000	1
202309142301	3	54.88453	1110000000000000	1	13.85981	1110000000000000	1
202309142331	3	54.88454	1110000000000000	1	13.85979	1110000000000000	1
202309150001	3	54.88455	1110000000000000	1	13.85979	1110000000000000	1
202309150031	3	54.88456	1110000000000000	1	13.85981	1110000000000000	1
202309150101	3	54.88457	1110000000000000	1	13.85977	1110000000000000	1
202309150131	3	54.88456	1110000000000000	1	13.85977	1110000000000000	1
202309150201	3	54.88456	1110000000000000	1	13.85977	1110000000000000	1
202309150231	3	54.88457	1110000000000000	1	13.85975	1110000000000000	1
202309150302	3	54.88459	1110000000000000	1	13.85972	1110000000000000	1
202309150331	3	54.88461	1110000000000000	1	13.85968	1110000000000000	1
202309150401	3	54.88462	1110000000000000	1	13.85968	1110000000000000	1
202309150431	3	54.88462	1110000000000000	1	13.85966	1110000000000000	1
202309150501	3	54.88463	1110000000000000	1	13.85966	1110000000000000	1
202309150531	3	54.88463	1110000000000000	1	13.85966	1110000000000000	1
202309150601	3	54.88463	1110000000000000	1	13.85966	1110000000000000	1
202309150631	3	54.88463	1110000000000000	1	13.85964	1110000000000000	1
202309150701	3	54.88463	1110000000000000	1	13.85966	1110000000000000	1
202309150731	3	54.88463	1110000000000000	1	13.85966	1110000000000000	1
202309150802	3	54.88462	1110000000000000	1	13.85964	1110000000000000	1
202309150831	3	54.88462	1110000000000000	1	13.85964	1110000000000000	1
202309150931	3	54.88462	1110000000000000	1	13.85966	1110000000000000	1
202309151001	3	54.88461	1110000000000000	1	13.85966	1110000000000000	1
202309151031	3	54.88461	1110000000000000	1	13.85966	1110000000000000	1
202309151101	3	54.88462	1110000000000000	1	13.85966	1110000000000000	1
202309151131	3	54.88462	1110000000000000	1	13.85966	1110000000000000	1
202309151201	3	54.88463	1110000000000000	1	13.85966	1110000000000000	1
202309151231	3	54.88464	1110000000000000	1	13.85964	1110000000000000	1
202309151301	3	54.88467	1110000000000000	1	13.85962	1110000000000000	1
202309151331	3	54.88467	1110000000000000	1	13.85962	1110000000000000	1
202309151401	3	54.88468	1110000000000000	1	13.85960	1110000000000000	1
202309151431	3	54.88467	1110000000000000	1	13.85960	1110000000000000	1
202309151501	3	54.88470	1110000000000000	1	13.85957	1110000000000000	1
202309151601	3	54.88471	1110000000000000	1	13.85957	1110000000000000	1
202309151631	3	54.88472	1110000000000000	1	13.85957	1110000000000000	1
202309151701	3	54.88471	1110000000000000	1	13.85957	1110000000000000	1
202309151731	3	54.88471	1110000000000000	1	13.85960	1110000000000000	1
202309151801	3	54.88471	1110000000000000	1	13.85957	1110000000000000	1
202309151831	3	54.88470	1110000000000000	1	13.85955	1110000000000000	1
202309151901	3	54.88468	1110000000000000	1	13.85957	1110000000000000	1
202309151931	3	54.88474	1110000000000000	1	13.85953	1110000000000000	1
202309152001	3	54.88476	1110000000000000	1	13.85949	1110000000000000	1
202309152031	3	54.88477	1110000000000000	1	13.85957	1110000000000000	1
202309152101	3	54.88477	1110000000000000	1	13.85953	1110000000000000	1
202309152131	3	54.88469	1110000000000000	1	13.85962	1110000000000000	1
202309152201	3	54.88471	1110000000000000	1	13.85966	1110000000000000	1
202309152231	3	54.88473	1110000000000000	1	13.85962	1110000000000000	1
202309152301	3	54.88476	1110000000000000	1	13.85962	1110000000000000	1
202309152331	3	54.88482	1110000000000000	1	13.85975	1110000000000000	1
202309160001	3	54.88479	1110000000000000	1	13.85968	1110000000000000	1
202309160431	3	54.88462	1110000000000000	1	13.85960	1110000000000000	1
202309160501	3	54.88465	1110000000000000	1	13.85966	1110000000000000	1
202309160531	3	54.88474	1110000000000000	1	13.85970	1110000000000000	1
202309160601	3	54.88466	1110000000000000	1	13.85964	1110000000000000	1
202309160631	3	54.88467	1110000000000000	1	13.85962	1110000000000000	1
202309160701	3	54.88470	1110000000000000	1	13.85960	1110000000000000	1
202309160731	3	54.88473	1110000000000000	1	13.85953	1110000000000000	1
202309160801	3	54.88474	1110000000000000	1	13.85953	1110000000000000	1
202309160831	3	54.88477	1110000000000000	1	13.85949	1110000000000000	1
202309160901	3	54.88478	1110000000000000	1	13.85945	1110000000000000	1
202309160931	3	54.88481	1110000000000000	1	13.85945	1110000000000000	1
202309161031	3	54.88487	1110000000000000	1	13.85932	1110000000000000	1
202309161101	3	54.88490	1110000000000000	1	13.85930	1110000000000000	1
202309161131	3	54.88493	1110000000000000	1	13.85921	1110000000000000	1
202309161201	3	54.88497	1110000000000000	1	13.85910	1110000000000000	1
202309161231	3	54.88503	1110000000000000	1	13.85902	1110000000000000	1
202309161301	3	54.88508	1110000000000000	1	13.85891	1110000000000000	1
202309161331	3	54.88507	1110000000000000	1	13.85889	1110000000000000	1
202309161401	3	54.88505	1110000000000000	1	13.85889	1110000000000000	1
202309161431	3	54.88507	1110000000000000	1	13.85885	1110000000000000	1
202309161501	3	54.88523	1110000000000000	1	13.85861	1110000000000000	1
202309161531	3	54.88509	1110000000000000	1	13.85885	1110000000000000	1
202309161631	3	54.88509	1110000000000000	1	13.85895	1110000000000000	1
202309161701	3	54.88508	1110000000000000	1	13.85900	1110000000000000	1
202309161731	3	54.88506	1110000000000000	1	13.85900	1110000000000000	1
202309161801	3	54.88505	1110000000000000	1	13.85902	1110000000000000	1
202309161831	3	54.88501	1110000000000000	1	13.85900	1110000000000000	1
202309161901	3	54.88501	1110000000000000	1	13.85902	1110000000000000	1
202309161931	3	54.88501	1110000000000000	1	13.85902	1110000000000000	1
202309162001	3	54.88501	1110000000000000	1	13.85902	1110000000000000	1
202309162031	3	54.88500	1110000000000000	1	13.85906	1110000000000000	1
202309162101	3	54.88497	1110000000000000	1	13.85910	1110000000000000	1
202309162131	3	54.88497	1110000000000000	1	13.85912	1110000000000000	1
202309162201	3	54.88498	1110000000000000	1	13.85915	1110000000000000	1
202309162231	3	54.88498	1110000000000000	1	13.85912	1110000000000000	1
202309162301	3	54.88497	1110000000000000	1	13.85912	1110000000000000	1
202309162331	3	54.88498	1110000000000000	1	13.85912	1110000000000000	1
202309170001	3	54.88498	1110000000000000	1	13.85908	1110000000000000	1
202309170031	3	54.88500	1110000000000000	1	13.85906	1110000000000000	1
202309170101	3	54.88500	1110000000000000	1	13.85900	1110000000000000	1
202309170131	3	54.88502	1110000000000000	1	13.85893	1110000000000000	1
202309170201	3	54.88505	1110000000000000	1	13.85885	1110000000000000	1
202309170231	3	54.88508	1110000000000000	1	13.85878	1110000000000000	1
202309170302	3	54.88508	1110000000000000	1	13.85872	1110000000000000	1
202309170331	3	54.88510	1110000000000000	1	13.85867	1110000000000000	1
202309170401	3	54.88512	1110000000000000	1	13.85867	1110000000000000	1
202309170432	3	54.88512	1110000000000000	1	13.85867	1110000000000000	1
202309170501	3	54.88514	1110000000000000	1	13.85867	1110000000000000	1
202309170531	3	54.88513	1110000000000000	1	13.85870	1110000000000000	1
202309170631	3	54.88513	1110000000000000	1	13.85874	1110000000000000	1
202309170731	3	54.88511	1110000000000000	1	13.85880	1110000000000000	1
202309170801	3	54.88510	1110000000000000	1	13.85882	1110000000000000	1
202309170831	3	54.88510	1110000000000000	1	13.85880	1110000000000000	1
202309170901	3	54.88511	1110000000000000	1	13.85878	1110000000000000	1
202309171001	3	54.88510	1110000000000000	1	13.85870	1110000000000000	1
202309171301	3	54.88513	1110000000000000	1	13.85818	1110000000000000	1
202309171331	3	54.88514	1110000000000000	1	13.85807	1110000000000000	1
202309171401	3	54.88515	1110000000000000	1	13.85799	1110000000000000	1
202309181201	3	54.88511	1110000000000000	1	13.85807	1110000000000000	1
202309181232	3	54.88512	1110000000000000	1	13.85805	1110000000000000	1
202309181331	3	54.88510	1110000000000000	1	13.85797	1110000000000000	1
202309181601	3	54.88511	1110000000000000	1	13.85805	1110000000000000	1
202309181631	3	54.88511	1110000000000000	1	13.85805	1110000000000000	1
202309181701	3	54.88512	1110000000000000	1	13.85807	1110000000000000	1
202309181731	3	54.88511	1110000000000000	1	13.85812	1110000000000000	1
202309181801	3	54.88512	1110000000000000	1	13.85809	1110000000000000	1
202309181901	3	54.88511	1110000000000000	1	13.85818	1110000000000000	1
202309181931	3	54.88512	1110000000000000	1	13.85814	1110000000000000	1
202309182001	3	54.88512	1110000000000000	1	13.85814	1110000000000000	1
202309182101	3	54.88507	1110000000000000	1	13.85812	1110000000000000	1
202309182131	3	54.88510	1110000000000000	1	13.85814	1110000000000000	1
202309182231	3	54.88508	1110000000000000	1	13.85822	1110000000000000	1
202309182301	3	54.88506	1110000000000000	1	13.85822	1110000000000000	1
202309190001	3	54.88506	1110000000000000	1	13.85827	1110000000000000	1
202309190031	3	54.88507	1110000000000000	1	13.85831	1110000000000000	1
202309190101	3	54.88507	1110000000000000	1	13.85829	1110000000000000	1
202309190131	3	54.88507	1110000000000000	1	13.85831	1110000000000000	1
202309190201	3	54.88508	1110000000000000	1	13.85837	1110000000000000	1
202309190401	3	54.88507	1110000000000000	1	13.85872	1110000000000000	1
202309200431	3	54.88491	1110000000000000	1	13.85917	1110000000000000	1
202309200501	3	54.88494	1110000000000000	1	13.85919	1110000000000000	1
202309200531	3	54.88495	1110000000000000	1	13.85915	1110000000000000	1
202309200601	3	54.88497	1110000000000000	1	13.85902	1110000000000000	1
202309200633	3	54.88503	1110000000000000	1	13.85891	1110000000000000	1
202309200731	3	54.88516	1110000000000000	1	13.85859	1110000000000000	1
202309201131	3	54.88511	1110000000000000	1	13.85889	1110000000000000	1
202309201201	3	54.88510	1110000000000000	1	13.85889	1110000000000000	1
202309201231	3	54.88508	1110000000000000	1	13.85874	1110000000000000	1
202309201331	3	54.88505	1110000000000000	1	13.85850	1110000000000000	1
202309201401	3	54.88503	1110000000000000	1	13.85835	1110000000000000	1
202309201431	3	54.88503	1110000000000000	1	13.85824	1110000000000000	1
202309201501	3	54.88503	1110000000000000	1	13.85814	1110000000000000	1
202309201601	3	54.88505	1110000000000000	1	13.85831	1110000000000000	1
202309201901	3	54.88503	1110000000000000	1	13.85844	1110000000000000	1
