202309010000	1.2900	1910000000010110	1	 4.140	1910000000010110	1	1.0122	1910000000010110	1	 4.640	1910000000010110	1	0.7988	1910000000010110	1	4.3700	1910000000010110	1	0.4985	1910000000010110	1	3.910	1910000000010110	1	347	1910000000010000	1	0.379	1910000000010100	1
202309010030	1.5000	1910000000011110	1	 4.090	1910000000011110	1	0.9709	1910000000011110	1	 4.390	1910000000011110	1	0.7780	1910000000011110	1	4.2800	1910000000011110	1	0.5057	1910000000011110	1	3.950	1910000000011110	1	454	1910000000010000	1	0.423	1910000000010100	1
202309010100	1.2100	1910000000011110	1	 4.470	1910000000011110	1	0.9415	1910000000011110	1	 4.380	1910000000011110	1	0.7589	1910000000011110	1	4.2600	1910000000011110	1	0.4894	1910000000011110	1	4.110	1910000000011110	1	436	1910000000010000	1	0.397	1910000000010100	1
202309010130	1.1900	1910000000011110	1	 3.890	1910000000011110	1	0.9604	1910000000011110	1	 4.020	1910000000011110	1	0.7756	1910000000011110	1	4.1800	1910000000011110	1	0.5080	1910000000011110	1	3.740	1910000000011110	1	480	1910000000010000	1	0.380	1910000000010100	1
202309010200	1.2900	1910000000011110	1	 4.210	1910000000011110	1	0.9978	1910000000011110	1	 4.210	1910000000011110	1	0.7783	1910000000011110	1	4.2600	1910000000011110	1	0.5010	1910000000011110	1	3.820	1910000000011110	1	469	1910000000010000	1	0.443	1910000000010100	1
202309010230	1.8900	1910000000011110	1	 3.610	1910000000011110	1	1.1061	1910000000011110	1	 4.300	1910000000011110	1	0.8681	1910000000011110	1	4.3300	1910000000011110	1	0.5430	1910000000011110	1	3.880	1910000000011110	1	462	1910000000010000	1	0.442	1910000000010100	1
202309010300	1.7000	1910000000011110	1	 4.130	1910000000011110	1	1.1035	1910000000011110	1	 4.450	1910000000011110	1	0.8846	1910000000011110	1	4.4700	1910000000011110	1	0.5765	1910000000011110	1	4.020	1910000000011110	1	447	1910000000010000	1	0.448	1910000000010100	1
202309010330	1.6800	1910000000011110	1	 4.340	1910000000011110	1	1.1237	1910000000011110	1	 4.430	1910000000011110	1	0.9076	1910000000011110	1	4.5800	1910000000011110	1	0.5782	1910000000011110	1	4.020	1910000000011110	1	447	1910000000010000	1	0.465	1910000000010100	1
202309010400	1.6100	1110000000011110	1	 8.600	1110000000014130	4	1.1861	1110000000011110	1	 4.610	1110000000011110	1	0.9419	1110000000011110	1	4.5200	1110000000011110	1	0.6078	1110000000011110	1	4.080	1110000000011110	1	440	1110000000010000	1	0.447	1110000000010100	1
202309010430	1.6200	1110000000011110	1	 4.290	1110000000011110	1	1.1130	1110000000011110	1	 4.300	1110000000011110	1	0.8967	1110000000011110	1	4.4000	1110000000011110	1	0.5794	1110000000011110	1	4.000	1110000000011110	1	449	1110000000010000	1	0.447	1110000000010100	1
202309010500	1.5600	1110000000011110	1	 4.450	1110000000011110	1	1.1467	1110000000011110	1	 4.500	1110000000011110	1	0.9104	1110000000011110	1	4.5400	1110000000011110	1	0.6125	1110000000011110	1	4.260	1110000000011110	1	421	1110000000010000	1	0.515	1110000000010100	1
202309010530	1.6500	1910000000011110	1	 4.720	1910000000011110	1	1.1255	1910000000011110	1	 4.570	1910000000011110	1	0.9291	1910000000011110	1	4.5500	1910000000011110	1	0.5943	1910000000011110	1	4.190	1910000000011110	1	429	1910000000010000	1	0.281	1910000000010100	1
202309010600	1.5700	1110000000011110	1	 4.070	1110000000011110	1	1.2063	1110000000011110	1	 5.430	1110000000011110	1	0.9811	1110000000011110	1	4.9300	1110000000011110	1	0.6443	1110000000011110	1	4.440	1110000000011110	1	402	1110000000010000	1	0.429	1110000000010100	1
202309010630	1.7300	1910000000011110	1	 3.870	1910000000011130	3	1.2821	1910000000011110	1	 5.080	1910000000011110	1	1.0241	1910000000011110	1	5.2900	1910000000011110	1	0.6606	1910000000011110	1	4.590	1910000000011110	1	391	1910000000010000	1	0.335	1910000000010100	1
202309010700	2.0300	1910000000011110	1	25.510	1910000000014130	4	1.4280	1910000000011110	1	 6.150	1910000000011110	1	1.0789	1910000000011110	1	5.7000	1910000000011110	1	0.6739	1910000000011110	1	4.720	1910000000011110	1	381	1910000000010000	1	0.297	1910000000010100	1
202309010730	1.7200	1910000000011110	1	 4.400	1910000000011130	3	1.2499	1910000000011110	1	 5.890	1910000000011110	1	1.0178	1910000000011110	1	5.3400	1910000000011110	1	0.6589	1910000000011110	1	4.620	1910000000011110	1	388	1910000000010000	1	0.413	1910000000010100	1
202309010800	1.7500	1910000000011110	1	 3.970	1910000000011110	1	1.1934	1910000000011110	1	 5.340	1910000000011130	3	0.9427	1910000000011110	1	5.2800	1910000000011110	1	0.5879	1910000000011110	1	4.590	1910000000011110	1	391	1910000000010000	1	0.329	1910000000010100	1
202309010830	1.3900	1910000000011110	1	 4.210	1910000000011110	1	1.0710	1910000000011110	1	19.080	1910000000014130	4	0.8460	1910000000011110	1	9.8500	1910000000014130	4	0.5090	1910000000011110	1	6.560	1910000000011110	1	238	1910000000010000	1	0.220	1910000000010100	1
202309010930	1.3100	1910000000011110	1	 4.120	1910000000011110	1	0.9689	1910000000011110	1	 4.770	1910000000011130	3	0.7636	1910000000011110	1	5.0700	1910000000011110	1	0.4862	1910000000011110	1	4.260	1910000000011110	1	417	1910000000010000	1	0.193	1910000000010100	1
202309011000	1.3100	1910000000011110	1	 3.900	1910000000011110	1	0.9183	1910000000011110	1	 4.590	1910000000011110	1	0.7199	1910000000011110	1	4.7000	1910000000011110	1	0.4569	1910000000011110	1	4.070	1910000000011110	1	441	1910000000010000	1	0.270	1910000000010100	1
202309011100	1.0500	1910000000011110	1	 4.200	1910000000011110	1	0.8051	1910000000011110	1	 4.490	1910000000011110	1	0.6817	1910000000011110	1	5.0100	1910000000011110	1	0.4501	1910000000011110	1	5.280	1910000000011110	1	123	1910000000010000	1	0.453	1910000000010100	1
202309011130	1.2200	1910000000011110	1	 3.310	1910000000011110	1	0.8076	1910000000011110	1	 5.100	1910000000011110	1	0.6315	1910000000011110	1	4.4300	1910000000011110	1	0.4139	1910000000011110	1	3.970	1910000000011110	1	450	1910000000010000	1	0.400	1910000000010100	1
202309011230	1.1300	1910000000011110	1	 3.830	1910000000011110	1	0.7943	1910000000011110	1	 5.150	1910000000011110	1	0.6395	1910000000011110	1	4.6800	1910000000011110	1	0.4073	1910000000011110	1	4.080	1910000000011110	1	440	1910000000010000	1	0.285	1910000000010100	1
202309011300	1.2300	1910000000011110	1	 3.100	1910000000011110	1	0.8560	1910000000011110	1	 5.090	1910000000011110	1	0.6839	1910000000011110	1	5.1400	1910000000011110	1	0.4354	1910000000011110	1	4.170	1910000000011110	1	430	1910000000010000	1	0.249	1910000000010100	1
202309011330	1.0600	1910000000011110	1	 3.950	1910000000011110	1	0.8292	1910000000011110	1	 4.190	1910000000011110	1	0.6740	1910000000011110	1	3.8700	1910000000011110	1	0.4347	1910000000011110	1	3.500	1910000000011110	1	500	1910000000010000	1	0.431	1910000000010100	1
202309011400	1.1500	1910000000011110	1	 3.610	1910000000011110	1	0.9336	1910000000011110	1	 3.810	1910000000011110	1	0.7219	1910000000011110	1	3.9900	1910000000011110	1	0.4575	1910000000011110	1	3.660	1910000000011110	1	209	1910000000010000	1	0.253	1910000000010100	1
202309011430	1.5600	1910000000011110	1	 4.000	1910000000011110	1	0.9692	1910000000011110	1	 5.440	1910000000011110	1	0.7687	1910000000011110	1	4.9300	1910000000011110	1	0.4907	1910000000011110	1	4.300	1910000000011110	1	417	1910000000010000	1	0.299	1910000000010100	1
202309011500	1.4400	1910000000010120	2	 4.240	1910000000010120	2	1.0228	1910000000010120	2	 4.840	1910000000010120	2	0.8201	1910000000010120	2	4.5800	1910000000010120	2	0.5320	1910000000010120	2	4.020	1910000000010120	2	445	1910000000010000	1	0.355	1910000000010100	1
202309011630	1.4500	1910000000010120	2	 4.130	1910000000010120	2	1.0472	1910000000010120	2	 5.060	1910000000010120	2	0.8182	1910000000010120	2	5.2200	1910000000010120	2	0.5293	1910000000010120	2	4.350	1910000000010120	2	358	1910000000010000	1	0.386	1910000000010100	1
202309011730	1.2500	1910000000011110	1	 4.020	1910000000011110	1	0.9622	1910000000011110	1	 4.040	1910000000011110	1	0.7668	1910000000011110	1	4.2200	1910000000011110	1	0.4919	1910000000011110	1	4.300	1910000000011110	1	415	1910000000010000	1	0.262	1910000000010100	1
202309011800	1.2300	1910000000011110	1	 3.810	1910000000011110	1	0.9442	1910000000011110	1	 5.240	1910000000011110	1	0.7580	1910000000011110	1	4.9500	1910000000011110	1	0.4705	1910000000011110	1	4.740	1910000000011110	1	378	1910000000010000	1	0.256	1910000000010100	1
202309011830	1.2500	1910000000010120	2	 4.260	1910000000010120	2	0.9638	1910000000010120	2	 4.410	1910000000010120	2	0.7737	1910000000010120	2	4.9200	1910000000010120	2	0.4977	1910000000010120	2	4.210	1910000000010120	2	426	1910000000010000	1	0.442	1910000000010100	1
202309012030	1.2000	1110000000010120	2	 4.070	1110000000010120	2	0.8992	1110000000010120	2	 3.820	1110000000010120	2	0.7001	1110000000010120	2	3.8500	1110000000010120	2	0.4388	1110000000010120	2	3.580	1110000000010120	2	500	1110000000010000	1	0.420	1110000000010100	1
202309012100	1.1600	1110000000011110	1	 3.200	1110000000011110	1	0.8392	1110000000011110	1	 3.740	1110000000011110	1	0.6905	1110000000011110	1	3.7900	1110000000011110	1	0.4519	1110000000011110	1	3.530	1110000000011110	1	500	1110000000010000	1	0.417	1110000000010100	1
202309012130	1.4900	1910000000011110	1	 3.710	1910000000011110	1	0.9332	1910000000011110	1	 3.750	1910000000011110	1	0.7463	1910000000011110	1	3.7700	1910000000011110	1	0.4755	1910000000011110	1	3.530	1910000000011110	1	500	1910000000010000	1	0.431	1910000000010100	1
202309012200	1.2100	1910000000010120	2	 4.490	1910000000010120	2	0.9319	1910000000010120	2	 4.390	1910000000010120	2	0.7479	1910000000010120	2	4.2600	1910000000010120	2	0.4645	1910000000010120	2	3.950	1910000000010120	2	453	1910000000010000	1	0.281	1910000000010100	1
202309012330	1.2600	1110000000010120	2	 3.630	1110000000010120	2	0.9004	1110000000010120	2	 3.770	1110000000010120	2	0.7079	1110000000010120	2	3.7600	1110000000010120	2	0.4471	1110000000010120	2	3.450	1110000000010120	2	500	1110000000010000	1	0.460	1110000000010100	1
