Time	STATUS	LATITUDE	dqf_LATITUDE	fqf_LATITUDE	LONGITUDE	dqf_LONGITUDE	fqf_LONGITUDE
202009010000	3	55.00232	1110000000000000	1	13.15450	1110000000000000	1
202009010030	3	55.00231	1110000000000000	1	13.15445	1110000000000000	1
202009010100	3	55.00238	1110000000000000	1	13.15445	1110000000000000	1
202009010130	3	55.00239	1110000000000000	1	13.15445	1110000000000000	1
202009010200	3	55.00244	1110000000000000	1	13.15439	1110000000000000	1
202009010230	3	55.00247	1110000000000000	1	13.15441	1110000000000000	1
202009010300	3	55.00242	1110000000000000	1	13.15437	1110000000000000	1
202009010330	3	55.00240	1110000000000000	1	13.15439	1110000000000000	1
202009010400	3	55.00248	1110000000000000	1	13.15437	1110000000000000	1
202009010430	3	55.00241	1110000000000000	1	13.15439	1110000000000000	1
202009010500	3	55.00243	1110000000000000	1	13.15439	1110000000000000	1
202009010530	3	55.00240	1110000000000000	1	13.15437	1110000000000000	1
202009010600	3	55.00244	1110000000000000	1	13.15441	1110000000000000	1
202009010630	3	55.00242	1110000000000000	1	13.15435	1110000000000000	1
202009010700	3	55.00242	1110000000000000	1	13.15437	1110000000000000	1
202009010730	3	55.00244	1110000000000000	1	13.15437	1110000000000000	1
202009010800	3	55.00246	1110000000000000	1	13.15437	1110000000000000	1
202009010830	3	55.00241	1110000000000000	1	13.15441	1110000000000000	1
202009010900	3	55.00243	1110000000000000	1	13.15437	1110000000000000	1
202009010930	3	55.00239	1110000000000000	1	13.15443	1110000000000000	1
202009011000	3	55.00239	1110000000000000	1	13.15443	1110000000000000	1
202009011030	3	55.00238	1110000000000000	1	13.15443	1110000000000000	1
202009011100	3	55.00240	1110000000000000	1	13.15439	1110000000000000	1
202009011130	3	55.00245	1110000000000000	1	13.15439	1110000000000000	1
202009011200	3	55.00247	1110000000000000	1	13.15435	1110000000000000	1
202009011230	3	55.00243	1110000000000000	1	13.15435	1110000000000000	1
202009011300	3	55.00247	1110000000000000	1	13.15437	1110000000000000	1
202009011330	3	55.00253	1110000000000000	1	13.15437	1110000000000000	1
202009011400	3	55.00247	1110000000000000	1	13.15437	1110000000000000	1
202009011430	3	55.00246	1110000000000000	1	13.15439	1110000000000000	1
202009011500	3	55.00246	1110000000000000	1	13.15437	1110000000000000	1
202009011530	3	55.00246	1110000000000000	1	13.15435	1110000000000000	1
202009011600	3	55.00244	1110000000000000	1	13.15439	1110000000000000	1
202009011630	3	55.00241	1110000000000000	1	13.15443	1110000000000000	1
202009011700	3	55.00239	1110000000000000	1	13.15441	1110000000000000	1
202009011730	3	55.00238	1110000000000000	1	13.15441	1110000000000000	1
202009011800	3	55.00238	1110000000000000	1	13.15441	1110000000000000	1
202009011830	3	55.00239	1110000000000000	1	13.15439	1110000000000000	1
202009011900	3	55.00230	1110000000000000	1	13.15443	1110000000000000	1
202009011930	3	55.00241	1110000000000000	1	13.15439	1110000000000000	1
202009012000	3	55.00240	1110000000000000	1	13.15439	1110000000000000	1
202009012030	3	55.00238	1110000000000000	1	13.15439	1110000000000000	1
202009012100	3	55.00231	1110000000000000	1	13.15435	1110000000000000	1
202009012200	3	55.00245	1110000000000000	1	13.15433	1110000000000000	1
202009012230	3	55.00244	1110000000000000	1	13.15435	1110000000000000	1
202009012300	3	55.00244	1110000000000000	1	13.15437	1110000000000000	1
202009012330	3	55.00238	1110000000000000	1	13.15443	1110000000000000	1
202009020000	3	55.00235	1110000000000000	1	13.15443	1110000000000000	1
202009020030	3	55.00238	1110000000000000	1	13.15441	1110000000000000	1
202009020100	3	55.00237	1110000000000000	1	13.15441	1110000000000000	1
202009020130	3	55.00239	1110000000000000	1	13.15443	1110000000000000	1
202009020200	3	55.00238	1110000000000000	1	13.15443	1110000000000000	1
202009020230	3	55.00237	1110000000000000	1	13.15448	1110000000000000	1
202009020300	3	55.00237	1110000000000000	1	13.15445	1110000000000000	1
202009020330	3	55.00240	1110000000000000	1	13.15456	1110000000000000	1
202009020400	3	55.00233	1110000000000000	1	13.15460	1110000000000000	1
202009020430	3	55.00230	1110000000000000	1	13.15465	1110000000000000	1
202009020500	3	55.00232	1110000000000000	1	13.15484	1110000000000000	1
202009020530	3	55.00232	1110000000000000	1	13.15480	1110000000000000	1
202009020600	3	55.00235	1110000000000000	1	13.15480	1110000000000000	1
202009020630	3	55.00232	1110000000000000	1	13.15475	1110000000000000	1
202009020700	3	55.00232	1110000000000000	1	13.15478	1110000000000000	1
202009020730	3	55.00225	1110000000000000	1	13.15445	1110000000000000	1
202009020800	3	55.00231	1110000000000000	1	13.15478	1110000000000000	1
202009020830	3	55.00231	1110000000000000	1	13.15478	1110000000000000	1
202009020900	3	55.00232	1110000000000000	1	13.15473	1110000000000000	1
202009020930	3	55.00230	1110000000000000	1	13.15467	1110000000000000	1
202009021000	3	55.00231	1110000000000000	1	13.15469	1110000000000000	1
202009021030	3	55.00229	1110000000000000	1	13.15469	1110000000000000	1
202009021100	3	55.00231	1110000000000000	1	13.15467	1110000000000000	1
202009021130	3	55.00217	1110000000000000	1	13.15471	1110000000000000	1
202009021200	3	55.00237	1110000000000000	1	13.15456	1110000000000000	1
202009021230	3	55.00233	1110000000000000	1	13.15456	1110000000000000	1
202009021300	3	55.00234	1110000000000000	1	13.15452	1110000000000000	1
202009021330	3	55.00230	1110000000000000	1	13.15445	1110000000000000	1
202009021400	3	55.00232	1110000000000000	1	13.15460	1110000000000000	1
202009021430	3	55.00229	1110000000000000	1	13.15467	1110000000000000	1
202009021500	3	55.00234	1110000000000000	1	13.15456	1110000000000000	1
202009021530	3	55.00235	1110000000000000	1	13.15450	1110000000000000	1
202009021600	3	55.00237	1110000000000000	1	13.15450	1110000000000000	1
202009021630	3	55.00232	1110000000000000	1	13.15458	1110000000000000	1
202009021700	3	55.00232	1110000000000000	1	13.15475	1110000000000000	1
202009021730	3	55.00237	1110000000000000	1	13.15490	1110000000000000	1
202009021800	3	55.00249	1110000000000000	1	13.15501	1110000000000000	1
202009021830	3	55.00243	1110000000000000	1	13.15501	1110000000000000	1
202009021900	3	55.00242	1110000000000000	1	13.15501	1110000000000000	1
202009021930	3	55.00242	1110000000000000	1	13.15501	1110000000000000	1
202009022000	3	55.00242	1110000000000000	1	13.15499	1110000000000000	1
202009022030	3	55.00241	1110000000000000	1	13.15501	1110000000000000	1
202009022100	3	55.00243	1110000000000000	1	13.15506	1110000000000000	1
202009022130	3	55.00240	1110000000000000	1	13.15499	1110000000000000	1
202009022200	3	55.00240	1110000000000000	1	13.15501	1110000000000000	1
202009022230	3	55.00239	1110000000000000	1	13.15499	1110000000000000	1
202009022300	3	55.00243	1110000000000000	1	13.15495	1110000000000000	1
202009022330	3	55.00237	1110000000000000	1	13.15499	1110000000000000	1
202009030000	3	55.00240	1110000000000000	1	13.15493	1110000000000000	1
202009030030	3	55.00237	1110000000000000	1	13.15490	1110000000000000	1
202009030100	3	55.00243	1110000000000000	1	13.15488	1110000000000000	1
202009030130	3	55.00242	1110000000000000	1	13.15495	1110000000000000	1
202009030200	3	55.00237	1110000000000000	1	13.15495	1110000000000000	1
202009030230	3	55.00234	1110000000000000	1	13.15493	1110000000000000	1
202009030300	3	55.00235	1110000000000000	1	13.15488	1110000000000000	1
202009030330	3	55.00231	1110000000000000	1	13.15488	1110000000000000	1
202009030400	3	55.00233	1110000000000000	1	13.15488	1110000000000000	1
202009030430	3	55.00253	1110000000000000	1	13.15486	1110000000000000	1
202009030500	3	55.00233	1110000000000000	1	13.15493	1110000000000000	1
202009030530	3	55.00238	1110000000000000	1	13.15495	1110000000000000	1
202009030600	3	55.00238	1110000000000000	1	13.15495	1110000000000000	1
202009030630	3	55.00239	1110000000000000	1	13.15499	1110000000000000	1
202009030700	3	55.00246	1110000000000000	1	13.15497	1110000000000000	1
202009030730	3	55.00240	1110000000000000	1	13.15495	1110000000000000	1
202009030800	3	55.00241	1110000000000000	1	13.15499	1110000000000000	1
202009030830	3	55.00247	1110000000000000	1	13.15497	1110000000000000	1
202009030900	3	55.00246	1110000000000000	1	13.15501	1110000000000000	1
202009030930	3	55.00247	1110000000000000	1	13.15506	1110000000000000	1
202009031000	3	55.00245	1110000000000000	1	13.15506	1110000000000000	1
202009031030	3	55.00247	1110000000000000	1	13.15506	1110000000000000	1
202009031100	3	55.00253	1110000000000000	1	13.15503	1110000000000000	1
202009031130	3	55.00250	1110000000000000	1	13.15506	1110000000000000	1
202009031200	3	55.00256	1110000000000000	1	13.15506	1110000000000000	1
202009031230	3	55.00258	1110000000000000	1	13.15506	1110000000000000	1
202009031300	3	55.00257	1110000000000000	1	13.15501	1110000000000000	1
202009031330	3	55.00255	1110000000000000	1	13.15501	1110000000000000	1
202009031400	3	55.00257	1110000000000000	1	13.15497	1110000000000000	1
202009031430	3	55.00256	1110000000000000	1	13.15499	1110000000000000	1
202009031500	3	55.00259	1110000000000000	1	13.15495	1110000000000000	1
202009031530	3	55.00255	1110000000000000	1	13.15497	1110000000000000	1
202009031600	3	55.00263	1110000000000000	1	13.15493	1110000000000000	1
202009031630	3	55.00265	1110000000000000	1	13.15482	1110000000000000	1
202009031700	3	55.00267	1110000000000000	1	13.15467	1110000000000000	1
202009031730	3	55.00265	1110000000000000	1	13.15460	1110000000000000	1
202009031800	3	55.00260	1110000000000000	1	13.15475	1110000000000000	1
202009031830	3	55.00270	1110000000000000	1	13.15469	1110000000000000	1
202009031900	3	55.00267	1110000000000000	1	13.15488	1110000000000000	1
202009031930	3	55.00262	1110000000000000	1	13.15495	1110000000000000	1
202009032000	3	55.00262	1110000000000000	1	13.15493	1110000000000000	1
202009032030	3	55.00260	1110000000000000	1	13.15493	1110000000000000	1
202009032100	3	55.00263	1110000000000000	1	13.15490	1110000000000000	1
202009032130	3	55.00263	1110000000000000	1	13.15488	1110000000000000	1
202009032200	3	55.00265	1110000000000000	1	13.15488	1110000000000000	1
202009032230	3	55.00271	1110000000000000	1	13.15484	1110000000000000	1
202009032300	3	55.00260	1110000000000000	1	13.15495	1110000000000000	1
202009032330	3	55.00261	1110000000000000	1	13.15497	1110000000000000	1
202009040000	3	55.00253	1110000000000000	1	13.15503	1110000000000000	1
202009040030	3	55.00253	1110000000000000	1	13.15506	1110000000000000	1
202009040100	3	55.00254	1110000000000000	1	13.15506	1110000000000000	1
202009040130	3	55.00256	1110000000000000	1	13.15506	1110000000000000	1
202009040200	3	55.00252	1110000000000000	1	13.15506	1110000000000000	1
202009040230	3	55.00245	1110000000000000	1	13.15503	1110000000000000	1
202009040300	3	55.00246	1110000000000000	1	13.15503	1110000000000000	1
202009040330	3	55.00248	1110000000000000	1	13.15503	1110000000000000	1
202009040400	3	55.00245	1110000000000000	1	13.15503	1110000000000000	1
202009040430	3	55.00245	1110000000000000	1	13.15501	1110000000000000	1
202009040500	3	55.00242	1110000000000000	1	13.15501	1110000000000000	1
202009040530	3	55.00241	1110000000000000	1	13.15503	1110000000000000	1
202009040600	3	55.00241	1110000000000000	1	13.15501	1110000000000000	1
202009040630	3	55.00240	1110000000000000	1	13.15499	1110000000000000	1
202009040700	3	55.00240	1110000000000000	1	13.15501	1110000000000000	1
202009040730	3	55.00241	1110000000000000	1	13.15499	1110000000000000	1
202009040800	3	55.00242	1110000000000000	1	13.15497	1110000000000000	1
202009040830	3	55.00242	1110000000000000	1	13.15497	1110000000000000	1
202009040900	3	55.00240	1110000000000000	1	13.15499	1110000000000000	1
202009040930	3	55.00240	1110000000000000	1	13.15501	1110000000000000	1
202009041000	3	55.00245	1110000000000000	1	13.15506	1110000000000000	1
202009041030	3	55.00243	1110000000000000	1	13.15508	1110000000000000	1
202009041100	3	55.00242	1110000000000000	1	13.15506	1110000000000000	1
202009041130	3	55.00239	1110000000000000	1	13.15499	1110000000000000	1
202009041200	3	55.00238	1110000000000000	1	13.15497	1110000000000000	1
202009041230	3	55.00235	1110000000000000	1	13.15497	1110000000000000	1
202009041300	3	55.00244	1110000000000000	1	13.15499	1110000000000000	1
202009041330	3	55.00239	1110000000000000	1	13.15497	1110000000000000	1
202009041400	3	55.00245	1110000000000000	1	13.15501	1110000000000000	1
202009041430	3	55.00248	1110000000000000	1	13.15499	1110000000000000	1
202009041500	3	55.00246	1110000000000000	1	13.15503	1110000000000000	1
202009041530	3	55.00256	1110000000000000	1	13.15503	1110000000000000	1
202009041600	3	55.00257	1110000000000000	1	13.15503	1110000000000000	1
202009041630	3	55.00257	1110000000000000	1	13.15501	1110000000000000	1
202009041700	3	55.00255	1110000000000000	1	13.15503	1110000000000000	1
202009041730	3	55.00276	1110000000000000	1	13.15488	1110000000000000	1
202009041800	3	55.00260	1110000000000000	1	13.15506	1110000000000000	1
202009041830	3	55.00263	1110000000000000	1	13.15488	1110000000000000	1
202009041930	3	55.00255	1110000000000000	1	13.15499	1110000000000000	1
202009042000	3	55.00245	1110000000000000	1	13.15516	1110000000000000	1
202009042030	3	55.00254	1110000000000000	1	13.15503	1110000000000000	1
202009042100	3	55.00245	1110000000000000	1	13.15501	1110000000000000	1
202009042130	3	55.00244	1110000000000000	1	13.15501	1110000000000000	1
202009042200	3	55.00246	1110000000000000	1	13.15508	1110000000000000	1
202009042230	3	55.00254	1110000000000000	1	13.15495	1110000000000000	1
202009042300	3	55.00253	1110000000000000	1	13.15499	1110000000000000	1
202009042330	3	55.00252	1110000000000000	1	13.15499	1110000000000000	1
202009050000	3	55.00250	1110000000000000	1	13.15503	1110000000000000	1
202009050030	3	55.00248	1110000000000000	1	13.15503	1110000000000000	1
202009050100	3	55.00249	1110000000000000	1	13.15503	1110000000000000	1
202009050130	3	55.00252	1110000000000000	1	13.15503	1110000000000000	1
202009050200	3	55.00259	1110000000000000	1	13.15493	1110000000000000	1
202009050230	3	55.00253	1110000000000000	1	13.15495	1110000000000000	1
202009050300	3	55.00259	1110000000000000	1	13.15499	1110000000000000	1
202009050330	3	55.00257	1110000000000000	1	13.15514	1110000000000000	1
202009050400	3	55.00254	1110000000000000	1	13.15501	1110000000000000	1
202009050430	3	55.00257	1110000000000000	1	13.15499	1110000000000000	1
202009050500	3	55.00259	1110000000000000	1	13.15499	1110000000000000	1
202009050530	3	55.00259	1110000000000000	1	13.15501	1110000000000000	1
202009050600	3	55.00260	1110000000000000	1	13.15497	1110000000000000	1
202009050630	3	55.00257	1110000000000000	1	13.15501	1110000000000000	1
202009050700	3	55.00254	1110000000000000	1	13.15499	1110000000000000	1
202009050730	3	55.00258	1110000000000000	1	13.15501	1110000000000000	1
202009050800	3	55.00258	1110000000000000	1	13.15503	1110000000000000	1
202009050830	3	55.00257	1110000000000000	1	13.15503	1110000000000000	1
202009050900	3	55.00253	1110000000000000	1	13.15503	1110000000000000	1
202009050930	3	55.00254	1110000000000000	1	13.15512	1110000000000000	1
202009051000	3	55.00253	1110000000000000	1	13.15508	1110000000000000	1
202009051030	3	55.00256	1110000000000000	1	13.15503	1110000000000000	1
202009051100	3	55.00253	1110000000000000	1	13.15506	1110000000000000	1
202009051130	3	55.00250	1110000000000000	1	13.15512	1110000000000000	1
202009051200	3	55.00252	1110000000000000	1	13.15506	1110000000000000	1
202009051230	3	55.00250	1110000000000000	1	13.15506	1110000000000000	1
202009051300	3	55.00245	1110000000000000	1	13.15506	1110000000000000	1
202009051330	3	55.00245	1110000000000000	1	13.15503	1110000000000000	1
202009051400	3	55.00243	1110000000000000	1	13.15503	1110000000000000	1
202009051430	3	55.00248	1110000000000000	1	13.15499	1110000000000000	1
202009051500	3	55.00245	1110000000000000	1	13.15506	1110000000000000	1
202009051530	3	55.00248	1110000000000000	1	13.15506	1110000000000000	1
202009051600	3	55.00250	1110000000000000	1	13.15503	1110000000000000	1
202009051630	3	55.00249	1110000000000000	1	13.15503	1110000000000000	1
202009051700	3	55.00245	1110000000000000	1	13.15506	1110000000000000	1
202009051730	3	55.00243	1110000000000000	1	13.15499	1110000000000000	1
202009051800	3	55.00257	1110000000000000	1	13.15506	1110000000000000	1
202009051830	3	55.00247	1110000000000000	1	13.15501	1110000000000000	1
202009051900	3	55.00246	1110000000000000	1	13.15506	1110000000000000	1
202009051930	3	55.00252	1110000000000000	1	13.15503	1110000000000000	1
202009052000	3	55.00252	1110000000000000	1	13.15506	1110000000000000	1
202009052030	3	55.00255	1110000000000000	1	13.15503	1110000000000000	1
202009052100	3	55.00248	1110000000000000	1	13.15501	1110000000000000	1
202009052130	3	55.00250	1110000000000000	1	13.15503	1110000000000000	1
202009052200	3	55.00247	1110000000000000	1	13.15503	1110000000000000	1
202009052230	3	55.00252	1110000000000000	1	13.15501	1110000000000000	1
202009052300	3	55.00250	1110000000000000	1	13.15501	1110000000000000	1
202009052330	3	55.00250	1110000000000000	1	13.15501	1110000000000000	1
202009060000	3	55.00249	1110000000000000	1	13.15501	1110000000000000	1
202009060030	3	55.00248	1110000000000000	1	13.15506	1110000000000000	1
202009060100	3	55.00246	1110000000000000	1	13.15503	1110000000000000	1
202009060130	3	55.00248	1110000000000000	1	13.15503	1110000000000000	1
202009060200	3	55.00239	1110000000000000	1	13.15508	1110000000000000	1
202009060230	3	55.00245	1110000000000000	1	13.15499	1110000000000000	1
202009060300	3	55.00243	1110000000000000	1	13.15499	1110000000000000	1
202009060330	3	55.00242	1110000000000000	1	13.15501	1110000000000000	1
202009060400	3	55.00244	1110000000000000	1	13.15501	1110000000000000	1
202009060430	3	55.00245	1110000000000000	1	13.15503	1110000000000000	1
202009060500	3	55.00247	1110000000000000	1	13.15501	1110000000000000	1
202009060530	3	55.00243	1110000000000000	1	13.15501	1110000000000000	1
202009060600	3	55.00246	1110000000000000	1	13.15501	1110000000000000	1
202009060630	3	55.00247	1110000000000000	1	13.15499	1110000000000000	1
202009060700	3	55.00247	1110000000000000	1	13.15503	1110000000000000	1
202009060730	3	55.00246	1110000000000000	1	13.15499	1110000000000000	1
202009060800	3	55.00252	1110000000000000	1	13.15503	1110000000000000	1
202009060830	3	55.00253	1110000000000000	1	13.15503	1110000000000000	1
202009060900	3	55.00259	1110000000000000	1	13.15501	1110000000000000	1
202009060930	3	55.00252	1110000000000000	1	13.15503	1110000000000000	1
202009061000	3	55.00253	1110000000000000	1	13.15503	1110000000000000	1
202009061030	3	55.00253	1110000000000000	1	13.15503	1110000000000000	1
202009061100	3	55.00250	1110000000000000	1	13.15506	1110000000000000	1
202009061130	3	55.00255	1110000000000000	1	13.15501	1110000000000000	1
202009061200	3	55.00253	1110000000000000	1	13.15503	1110000000000000	1
202009061230	3	55.00254	1110000000000000	1	13.15503	1110000000000000	1
202009061300	3	55.00254	1110000000000000	1	13.15506	1110000000000000	1
202009061330	3	55.00253	1110000000000000	1	13.15501	1110000000000000	1
202009061400	3	55.00254	1110000000000000	1	13.15501	1110000000000000	1
202009061430	3	55.00258	1110000000000000	1	13.15506	1110000000000000	1
202009061500	3	55.00258	1110000000000000	1	13.15503	1110000000000000	1
202009061530	3	55.00249	1110000000000000	1	13.15510	1110000000000000	1
202009061600	3	55.00247	1110000000000000	1	13.15506	1110000000000000	1
202009061630	3	55.00252	1110000000000000	1	13.15506	1110000000000000	1
202009061700	3	55.00253	1110000000000000	1	13.15497	1110000000000000	1
202009061730	3	55.00259	1110000000000000	1	13.15503	1110000000000000	1
202009061800	3	55.00253	1110000000000000	1	13.15503	1110000000000000	1
202009061830	3	55.00247	1110000000000000	1	13.15508	1110000000000000	1
202009061900	3	55.00245	1110000000000000	1	13.15510	1110000000000000	1
202009061930	3	55.00247	1110000000000000	1	13.15503	1110000000000000	1
202009062000	3	55.00245	1110000000000000	1	13.15501	1110000000000000	1
202009062030	3	55.00249	1110000000000000	1	13.15499	1110000000000000	1
202009062100	3	55.00241	1110000000000000	1	13.15501	1110000000000000	1
202009062130	3	55.00240	1110000000000000	1	13.15501	1110000000000000	1
202009062200	3	55.00241	1110000000000000	1	13.15501	1110000000000000	1
202009062230	3	55.00243	1110000000000000	1	13.15503	1110000000000000	1
202009062300	3	55.00242	1110000000000000	1	13.15497	1110000000000000	1
202009062330	3	55.00238	1110000000000000	1	13.15499	1110000000000000	1
202009070000	3	55.00239	1110000000000000	1	13.15501	1110000000000000	1
202009070030	3	55.00239	1110000000000000	1	13.15499	1110000000000000	1
202009070100	3	55.00240	1110000000000000	1	13.15499	1110000000000000	1
202009070130	3	55.00240	1110000000000000	1	13.15495	1110000000000000	1
202009070200	3	55.00239	1110000000000000	1	13.15497	1110000000000000	1
202009070230	3	55.00235	1110000000000000	1	13.15503	1110000000000000	1
202009070300	3	55.00237	1110000000000000	1	13.15497	1110000000000000	1
202009070330	3	55.00238	1110000000000000	1	13.15501	1110000000000000	1
202009070400	3	55.00240	1110000000000000	1	13.15497	1110000000000000	1
202009070430	3	55.00242	1110000000000000	1	13.15499	1110000000000000	1
202009070500	3	55.00239	1110000000000000	1	13.15497	1110000000000000	1
202009070530	3	55.00240	1110000000000000	1	13.15499	1110000000000000	1
202009070600	3	55.00243	1110000000000000	1	13.15503	1110000000000000	1
202009070630	3	55.00239	1110000000000000	1	13.15501	1110000000000000	1
202009070700	3	55.00242	1110000000000000	1	13.15501	1110000000000000	1
202009070730	3	55.00242	1110000000000000	1	13.15499	1110000000000000	1
202009070800	3	55.00245	1110000000000000	1	13.15501	1110000000000000	1
202009070830	3	55.00246	1110000000000000	1	13.15499	1110000000000000	1
202009070900	3	55.00242	1110000000000000	1	13.15501	1110000000000000	1
202009070930	3	55.00242	1110000000000000	1	13.15508	1110000000000000	1
202009071000	3	55.00242	1110000000000000	1	13.15499	1110000000000000	1
202009071030	3	55.00245	1110000000000000	1	13.15503	1110000000000000	1
202009071100	3	55.00246	1110000000000000	1	13.15503	1110000000000000	1
202009071130	3	55.00245	1110000000000000	1	13.15506	1110000000000000	1
202009071200	3	55.00243	1110000000000000	1	13.15501	1110000000000000	1
202009071230	3	55.00241	1110000000000000	1	13.15503	1110000000000000	1
202009071300	3	55.00248	1110000000000000	1	13.15510	1110000000000000	1
202009071330	3	55.00247	1110000000000000	1	13.15501	1110000000000000	1
202009071400	3	55.00246	1110000000000000	1	13.15503	1110000000000000	1
202009071430	3	55.00245	1110000000000000	1	13.15506	1110000000000000	1
202009071500	3	55.00245	1110000000000000	1	13.15506	1110000000000000	1
202009071530	3	55.00247	1110000000000000	1	13.15499	1110000000000000	1
202009071600	3	55.00253	1110000000000000	1	13.15501	1110000000000000	1
202009071630	3	55.00256	1110000000000000	1	13.15501	1110000000000000	1
202009071700	3	55.00258	1110000000000000	1	13.15501	1110000000000000	1
202009071730	3	55.00260	1110000000000000	1	13.15499	1110000000000000	1
202009071800	3	55.00270	1110000000000000	1	13.15493	1110000000000000	1
202009071830	3	55.00259	1110000000000000	1	13.15499	1110000000000000	1
202009071900	3	55.00261	1110000000000000	1	13.15497	1110000000000000	1
202009071930	3	55.00261	1110000000000000	1	13.15497	1110000000000000	1
202009072000	3	55.00260	1110000000000000	1	13.15497	1110000000000000	1
202009072030	3	55.00268	1110000000000000	1	13.15495	1110000000000000	1
202009072100	3	55.00260	1110000000000000	1	13.15495	1110000000000000	1
202009072130	3	55.00262	1110000000000000	1	13.15495	1110000000000000	1
202009072200	3	55.00263	1110000000000000	1	13.15495	1110000000000000	1
202009072230	3	55.00262	1110000000000000	1	13.15495	1110000000000000	1
202009072300	3	55.00263	1110000000000000	1	13.15493	1110000000000000	1
202009072330	3	55.00260	1110000000000000	1	13.15495	1110000000000000	1
202009080000	3	55.00298	1110000000000000	1	13.15460	1110000000000000	1
202009080030	3	55.00259	1110000000000000	1	13.15499	1110000000000000	1
202009080100	3	55.00260	1110000000000000	1	13.15501	1110000000000000	1
202009080130	3	55.00260	1110000000000000	1	13.15499	1110000000000000	1
202009080200	3	55.00254	1110000000000000	1	13.15501	1110000000000000	1
202009080230	3	55.00254	1110000000000000	1	13.15506	1110000000000000	1
202009080300	3	55.00257	1110000000000000	1	13.15503	1110000000000000	1
202009080330	3	55.00259	1110000000000000	1	13.15506	1110000000000000	1
202009080400	3	55.00256	1110000000000000	1	13.15503	1110000000000000	1
202009080430	3	55.00276	1110000000000000	1	13.15471	1110000000000000	1
202009080500	3	55.00260	1110000000000000	1	13.15506	1110000000000000	1
202009080530	3	55.00261	1110000000000000	1	13.15514	1110000000000000	1
202009080600	3	55.00256	1110000000000000	1	13.15495	1110000000000000	1
202009080630	3	55.00257	1110000000000000	1	13.15501	1110000000000000	1
202009080700	3	55.00260	1110000000000000	1	13.15506	1110000000000000	1
202009080730	3	55.00256	1110000000000000	1	13.15503	1110000000000000	1
202009080800	3	55.00255	1110000000000000	1	13.15506	1110000000000000	1
202009080830	3	55.00248	1110000000000000	1	13.15506	1110000000000000	1
202009080900	3	55.00246	1110000000000000	1	13.15508	1110000000000000	1
202009080930	3	55.00246	1110000000000000	1	13.15506	1110000000000000	1
202009081000	3	55.00246	1110000000000000	1	13.15508	1110000000000000	1
202009081030	3	55.00252	1110000000000000	1	13.15501	1110000000000000	1
202009081100	3	55.00245	1110000000000000	1	13.15503	1110000000000000	1
202009081130	3	55.00241	1110000000000000	1	13.15503	1110000000000000	1
202009081200	3	55.00240	1110000000000000	1	13.15503	1110000000000000	1
202009081230	3	55.00240	1110000000000000	1	13.15501	1110000000000000	1
202009081300	3	55.00235	1110000000000000	1	13.15501	1110000000000000	1
202009081330	3	55.00234	1110000000000000	1	13.15501	1110000000000000	1
202009081400	3	55.00228	1110000000000000	1	13.15493	1110000000000000	1
202009081430	3	55.00231	1110000000000000	1	13.15486	1110000000000000	1
202009081500	3	55.00225	1110000000000000	1	13.15475	1110000000000000	1
202009081530	3	55.00225	1110000000000000	1	13.15469	1110000000000000	1
202009081600	3	55.00227	1110000000000000	1	13.15465	1110000000000000	1
202009081630	3	55.00231	1110000000000000	1	13.15450	1110000000000000	1
202009081700	3	55.00234	1110000000000000	1	13.15443	1110000000000000	1
202009081730	3	55.00239	1110000000000000	1	13.15441	1110000000000000	1
202009081800	3	55.00241	1110000000000000	1	13.15435	1110000000000000	1
202009081830	3	55.00239	1110000000000000	1	13.15441	1110000000000000	1
202009081900	3	55.00239	1110000000000000	1	13.15439	1110000000000000	1
202009081930	3	55.00241	1110000000000000	1	13.15435	1110000000000000	1
202009082000	3	55.00245	1110000000000000	1	13.15437	1110000000000000	1
202009082030	3	55.00243	1110000000000000	1	13.15439	1110000000000000	1
202009082100	3	55.00247	1110000000000000	1	13.15433	1110000000000000	1
202009082130	3	55.00250	1110000000000000	1	13.15435	1110000000000000	1
202009082200	3	55.00254	1110000000000000	1	13.15437	1110000000000000	1
202009082230	3	55.00258	1110000000000000	1	13.15458	1110000000000000	1
202009082300	3	55.00268	1110000000000000	1	13.15467	1110000000000000	1
202009082330	3	55.00264	1110000000000000	1	13.15480	1110000000000000	1
202009090000	3	55.00265	1110000000000000	1	13.15480	1110000000000000	1
202009090030	3	55.00260	1110000000000000	1	13.15490	1110000000000000	1
202009090100	3	55.00261	1110000000000000	1	13.15493	1110000000000000	1
202009090130	3	55.00259	1110000000000000	1	13.15493	1110000000000000	1
202009090200	3	55.00258	1110000000000000	1	13.15490	1110000000000000	1
202009090230	3	55.00255	1110000000000000	1	13.15495	1110000000000000	1
202009090300	3	55.00253	1110000000000000	1	13.15503	1110000000000000	1
202009090330	3	55.00256	1110000000000000	1	13.15501	1110000000000000	1
202009090400	3	55.00258	1110000000000000	1	13.15495	1110000000000000	1
202009090430	3	55.00259	1110000000000000	1	13.15495	1110000000000000	1
202009090500	3	55.00256	1110000000000000	1	13.15499	1110000000000000	1
202009090530	3	55.00257	1110000000000000	1	13.15484	1110000000000000	1
202009090600	3	55.00261	1110000000000000	1	13.15488	1110000000000000	1
202009090630	3	55.00263	1110000000000000	1	13.15486	1110000000000000	1
202009090700	3	55.00267	1110000000000000	1	13.15484	1110000000000000	1
202009090730	3	55.00262	1110000000000000	1	13.15493	1110000000000000	1
202009090800	3	55.00263	1110000000000000	1	13.15486	1110000000000000	1
202009090830	3	55.00258	1110000000000000	1	13.15490	1110000000000000	1
202009090900	3	55.00263	1110000000000000	1	13.15495	1110000000000000	1
202009090930	3	55.00263	1110000000000000	1	13.15495	1110000000000000	1
202009091000	3	55.00265	1110000000000000	1	13.15497	1110000000000000	1
202009091030	3	55.00261	1110000000000000	1	13.15501	1110000000000000	1
202009091100	3	55.00265	1110000000000000	1	13.15495	1110000000000000	1
202009091130	3	55.00263	1110000000000000	1	13.15508	1110000000000000	1
202009091200	3	55.00261	1110000000000000	1	13.15501	1110000000000000	1
202009091230	3	55.00259	1110000000000000	1	13.15503	1110000000000000	1
202009091300	3	55.00268	1110000000000000	1	13.15471	1110000000000000	1
202009091330	3	55.00263	1110000000000000	1	13.15499	1110000000000000	1
202009091400	3	55.00267	1110000000000000	1	13.15495	1110000000000000	1
202009091430	3	55.00259	1110000000000000	1	13.15508	1110000000000000	1
202009091500	3	55.00255	1110000000000000	1	13.15508	1110000000000000	1
202009091530	3	55.00254	1110000000000000	1	13.15512	1110000000000000	1
202009091600	3	55.00249	1110000000000000	1	13.15508	1110000000000000	1
202009091630	3	55.00247	1110000000000000	1	13.15508	1110000000000000	1
202009091700	3	55.00245	1110000000000000	1	13.15508	1110000000000000	1
202009091730	3	55.00242	1110000000000000	1	13.15508	1110000000000000	1
202009091800	3	55.00240	1110000000000000	1	13.15503	1110000000000000	1
202009091830	3	55.00239	1110000000000000	1	13.15503	1110000000000000	1
202009091900	3	55.00237	1110000000000000	1	13.15503	1110000000000000	1
202009091930	3	55.00238	1110000000000000	1	13.15499	1110000000000000	1
202009092000	3	55.00233	1110000000000000	1	13.15495	1110000000000000	1
202009092030	3	55.00235	1110000000000000	1	13.15501	1110000000000000	1
202009092100	3	55.00232	1110000000000000	1	13.15493	1110000000000000	1
202009092130	3	55.00233	1110000000000000	1	13.15495	1110000000000000	1
202009092200	3	55.00233	1110000000000000	1	13.15493	1110000000000000	1
202009092230	3	55.00230	1110000000000000	1	13.15488	1110000000000000	1
202009092300	3	55.00225	1110000000000000	1	13.15484	1110000000000000	1
202009092330	3	55.00229	1110000000000000	1	13.15486	1110000000000000	1
202009100000	3	55.00229	1110000000000000	1	13.15484	1110000000000000	1
202009100030	3	55.00226	1110000000000000	1	13.15480	1110000000000000	1
202009100100	3	55.00227	1110000000000000	1	13.15480	1110000000000000	1
202009100130	3	55.00226	1110000000000000	1	13.15478	1110000000000000	1
202009100200	3	55.00230	1110000000000000	1	13.15473	1110000000000000	1
202009100230	3	55.00238	1110000000000000	1	13.15469	1110000000000000	1
202009100300	3	55.00226	1110000000000000	1	13.15465	1110000000000000	1
202009100330	3	55.00225	1110000000000000	1	13.15465	1110000000000000	1
202009100400	3	55.00228	1110000000000000	1	13.15463	1110000000000000	1
202009100430	3	55.00226	1110000000000000	1	13.15465	1110000000000000	1
202009100500	3	55.00228	1110000000000000	1	13.15467	1110000000000000	1
202009100530	3	55.00232	1110000000000000	1	13.15482	1110000000000000	1
202009100600	3	55.00227	1110000000000000	1	13.15469	1110000000000000	1
202009100630	3	55.00228	1110000000000000	1	13.15473	1110000000000000	1
202009100700	3	55.00230	1110000000000000	1	13.15480	1110000000000000	1
202009100730	3	55.00228	1110000000000000	1	13.15475	1110000000000000	1
202009100800	3	55.00230	1110000000000000	1	13.15480	1110000000000000	1
202009100830	3	55.00229	1110000000000000	1	13.15484	1110000000000000	1
202009100900	3	55.00228	1110000000000000	1	13.15484	1110000000000000	1
202009100930	3	55.00230	1110000000000000	1	13.15482	1110000000000000	1
202009101000	3	55.00229	1110000000000000	1	13.15475	1110000000000000	1
202009101030	3	55.00228	1110000000000000	1	13.15475	1110000000000000	1
202009101100	3	55.00227	1110000000000000	1	13.15480	1110000000000000	1
202009101130	3	55.00230	1110000000000000	1	13.15475	1110000000000000	1
202009101200	3	55.00228	1110000000000000	1	13.15471	1110000000000000	1
202009101230	3	55.00178	1110000000000000	1	13.15501	1110000000000000	1
202009101300	3	55.00193	1110000000000000	1	13.15551	1110000000000000	1
202009101330	3	55.00309	1110000000000000	1	13.15690	1110000000000000	1
202009101400	3	55.00422	1110000000000000	1	13.15868	1110000000000000	1
202009101430	3	55.00502	1110000000000000	1	13.16089	1110000000000000	1
202009101500	3	55.00586	1110000000000000	1	13.16338	1110000000000000	1
202009101530	3	55.00670	1110000000000000	1	13.16647	1110000000000000	1
202009101600	3	55.00765	1410000000000000	4	13.16975	1410000000000000	4
202009101630	3	55.00876	1410000000000000	4	13.17325	1410000000000000	4
202009101700	3	55.00970	1410000000000000	4	13.17701	1410000000000000	4
202009101730	3	55.01056	1410000000000000	4	13.18063	1410000000000000	4
202009101800	3	55.01121	1410000000000000	4	13.18428	1410000000000000	4
202009101830	3	55.01170	1410000000000000	4	13.18827	1410000000000000	4
202009101900	3	55.01187	1410000000000000	4	13.19216	1410000000000000	4
202009101930	3	55.01188	1410000000000000	4	13.19604	1410000000000000	4
202009102000	3	55.01171	1410000000000000	4	13.19992	1410000000000000	4
202009102030	3	55.01116	1410000000000000	4	13.20299	1410000000000000	4
202009102100	3	55.01062	1410000000000000	4	13.20546	1410000000000000	4
202009102130	3	55.00957	1410000000000000	4	13.20780	1410000000000000	4
202009102200	3	55.00852	1410000000000000	4	13.20949	1410000000000000	4
202009102230	3	55.00743	1410000000000000	4	13.21097	1410000000000000	4
202009102300	3	55.00653	1410000000000000	4	13.21203	1410000000000000	4
202009102330	3	55.00522	1410000000000000	4	13.21301	1410000000000000	4
202009110000	3	55.00423	1410000000000000	4	13.21333	1410000000000000	4
202009110030	3	55.00333	1410000000000000	4	13.21323	1410000000000000	4
202009110100	3	55.00263	1410000000000000	4	13.21269	1410000000000000	4
202009110130	3	55.00209	1410000000000000	4	13.21192	1410000000000000	4
202009110200	3	55.00186	1410000000000000	4	13.21130	1410000000000000	4
202009110230	3	55.00208	1410000000000000	4	13.21102	1410000000000000	4
202009110300	3	55.00241	1410000000000000	4	13.21091	1410000000000000	4
202009110330	3	55.00302	1410000000000000	4	13.21061	1410000000000000	4
202009110400	3	55.00378	1410000000000000	4	13.21074	1410000000000000	4
202009110430	3	55.00429	1410000000000000	4	13.21138	1410000000000000	4
202009110500	3	55.00462	1410000000000000	4	13.21254	1410000000000000	4
202009110530	3	55.00498	1410000000000000	4	13.21406	1410000000000000	4
202009110600	3	55.00525	1410000000000000	4	13.21572	1410000000000000	4
202009110630	3	55.00521	1410000000000000	4	13.21763	1410000000000000	4
202009110700	3	55.00490	1410000000000000	4	13.21958	1410000000000000	4
202009110730	3	55.00430	1410000000000000	4	13.22187	1410000000000000	4
202009110800	3	55.00366	1410000000000000	4	13.22441	1410000000000000	4
202009110830	3	55.00286	1410000000000000	4	13.22732	1410000000000000	4
202009110900	3	55.00175	1410000000000000	4	13.23005	1410000000000000	4
202009110930	3	55.00023	1410000000000000	4	13.23254	1410000000000000	4
202009111000	3	54.99838	1410000000000000	4	13.23453	1410000000000000	4
202009111030	3	54.99639	1410000000000000	4	13.23619	1410000000000000	4
202009111100	3	54.99420	1410000000000000	4	13.23829	1410000000000000	4
202009111130	3	54.99190	1410000000000000	4	13.24037	1410000000000000	4
202009111200	3	54.98944	1410000000000000	4	13.24200	1410000000000000	4
202009111230	3	54.98684	1410000000000000	4	13.24350	1410000000000000	4
202009111300	3	54.98406	1410000000000000	4	13.24410	1410000000000000	4
202009111330	3	54.98115	1410000000000000	4	13.24445	1410000000000000	4
202009111400	3	54.97825	1410000000000000	4	13.24458	1410000000000000	4
202009111430	3	54.97518	1410000000000000	4	13.24438	1410000000000000	4
202009111500	3	54.97231	1410000000000000	4	13.24327	1410000000000000	4
202009111530	3	54.96972	1410000000000000	4	13.24159	1410000000000000	4
202009111600	3	54.96722	1410000000000000	4	13.23945	1410000000000000	4
202009111630	3	54.96485	1410000000000000	4	13.23732	1410000000000000	4
202009111700	3	54.96248	1410000000000000	4	13.23486	1410000000000000	4
202009111730	3	54.96071	1410000000000000	4	13.23202	1410000000000000	4
202009111800	3	54.95919	1410000000000000	4	13.22898	1410000000000000	4
202009111830	3	54.95780	1410000000000000	4	13.22614	1410000000000000	4
202009111900	3	54.95626	1410000000000000	4	13.22353	1410000000000000	4
202009111930	3	54.95458	1410000000000000	4	13.22063	1410000000000000	4
202009112000	3	54.95267	1410000000000000	4	13.21698	1410000000000000	4
202009112030	3	54.95072	1410000000000000	4	13.21378	1410000000000000	4
202009112100	3	54.94866	1410000000000000	4	13.21106	1410000000000000	4
202009112130	3	54.94623	1410000000000000	4	13.20788	1410000000000000	4
202009112200	3	54.94416	1410000000000000	4	13.20505	1410000000000000	4
202009112230	3	54.94242	1410000000000000	4	13.20351	1410000000000000	4
202009112300	3	54.94077	1410000000000000	4	13.20196	1410000000000000	4
202009112330	3	54.93894	1410000000000000	4	13.20057	1410000000000000	4
202009120000	3	54.93661	1410000000000000	4	13.19834	1410000000000000	4
202009120030	3	54.93396	1410000000000000	4	13.19587	1410000000000000	4
202009120100	3	54.93129	1410000000000000	4	13.19359	1410000000000000	4
202009120130	3	54.92849	1410000000000000	4	13.19166	1410000000000000	4
202009120200	3	54.92562	1410000000000000	4	13.18975	1410000000000000	4
202009120230	3	54.92268	1410000000000000	4	13.18819	1410000000000000	4
202009120300	3	54.92001	1410000000000000	4	13.18731	1410000000000000	4
202009120330	3	54.91715	1410000000000000	4	13.18662	1410000000000000	4
202009120400	3	54.91430	1410000000000000	4	13.18617	1410000000000000	4
202009120500	3	54.90857	1410000000000000	4	13.18570	1410000000000000	4
202009120530	3	54.90575	1410000000000000	4	13.18555	1410000000000000	4
202009120600	3	54.90281	1410000000000000	4	13.18572	1410000000000000	4
