202009010046	3	55.00232	1110000000000000	1	13.15450	1110000000000000	1
202009010116	3	55.00231	1110000000000000	1	13.15445	1110000000000000	1
202009010146	3	55.00238	1110000000000000	1	13.15445	1110000000000000	1
202009010216	3	55.00239	1110000000000000	1	13.15445	1110000000000000	1
202009010246	3	55.00244	1110000000000000	1	13.15439	1110000000000000	1
202009010316	3	55.00247	1110000000000000	1	13.15441	1110000000000000	1
202009010346	3	55.00242	1110000000000000	1	13.15437	1110000000000000	1
202009010416	3	55.00240	1110000000000000	1	13.15439	1110000000000000	1
202009010446	3	55.00248	1110000000000000	1	13.15437	1110000000000000	1
202009010516	3	55.00241	1110000000000000	1	13.15439	1110000000000000	1
202009010546	3	55.00243	1110000000000000	1	13.15439	1110000000000000	1
202009010616	3	55.00240	1110000000000000	1	13.15437	1110000000000000	1
202009010646	3	55.00244	1110000000000000	1	13.15441	1110000000000000	1
202009010716	3	55.00242	1110000000000000	1	13.15435	1110000000000000	1
202009010746	3	55.00242	1110000000000000	1	13.15437	1110000000000000	1
202009010816	3	55.00244	1110000000000000	1	13.15437	1110000000000000	1
202009010846	3	55.00246	1110000000000000	1	13.15437	1110000000000000	1
202009010916	3	55.00241	1110000000000000	1	13.15441	1110000000000000	1
202009010946	3	55.00243	1110000000000000	1	13.15437	1110000000000000	1
202009011016	3	55.00239	1110000000000000	1	13.15443	1110000000000000	1
202009011046	3	55.00239	1110000000000000	1	13.15443	1110000000000000	1
202009011116	3	55.00238	1110000000000000	1	13.15443	1110000000000000	1
202009011146	3	55.00240	1110000000000000	1	13.15439	1110000000000000	1
202009011216	3	55.00245	1110000000000000	1	13.15439	1110000000000000	1
202009011246	3	55.00247	1110000000000000	1	13.15435	1110000000000000	1
202009011316	3	55.00243	1110000000000000	1	13.15435	1110000000000000	1
202009011346	3	55.00247	1110000000000000	1	13.15437	1110000000000000	1
202009011416	3	55.00253	1110000000000000	1	13.15437	1110000000000000	1
202009011446	3	55.00247	1110000000000000	1	13.15437	1110000000000000	1
202009011516	3	55.00246	1110000000000000	1	13.15439	1110000000000000	1
202009011546	3	55.00246	1110000000000000	1	13.15437	1110000000000000	1
202009011616	3	55.00246	1110000000000000	1	13.15435	1110000000000000	1
202009011646	3	55.00244	1110000000000000	1	13.15439	1110000000000000	1
202009011716	3	55.00241	1110000000000000	1	13.15443	1110000000000000	1
202009011746	3	55.00239	1110000000000000	1	13.15441	1110000000000000	1
202009011816	3	55.00238	1110000000000000	1	13.15441	1110000000000000	1
202009011846	3	55.00238	1110000000000000	1	13.15441	1110000000000000	1
202009011916	3	55.00239	1110000000000000	1	13.15439	1110000000000000	1
202009011946	3	55.00230	1110000000000000	1	13.15443	1110000000000000	1
202009012016	3	55.00241	1110000000000000	1	13.15439	1110000000000000	1
202009012046	3	55.00240	1110000000000000	1	13.15439	1110000000000000	1
202009012116	3	55.00238	1110000000000000	1	13.15439	1110000000000000	1
202009012146	3	55.00231	1110000000000000	1	13.15435	1110000000000000	1
202009012246	3	55.00245	1110000000000000	1	13.15433	1110000000000000	1
202009012316	3	55.00244	1110000000000000	1	13.15435	1110000000000000	1
202009012346	3	55.00244	1110000000000000	1	13.15437	1110000000000000	1
202009020016	3	55.00238	1110000000000000	1	13.15443	1110000000000000	1
202009020046	3	55.00235	1110000000000000	1	13.15443	1110000000000000	1
202009020116	3	55.00238	1110000000000000	1	13.15441	1110000000000000	1
202009020146	3	55.00237	1110000000000000	1	13.15441	1110000000000000	1
202009020216	3	55.00239	1110000000000000	1	13.15443	1110000000000000	1
202009020246	3	55.00238	1110000000000000	1	13.15443	1110000000000000	1
202009020316	3	55.00237	1110000000000000	1	13.15448	1110000000000000	1
202009020346	3	55.00237	1110000000000000	1	13.15445	1110000000000000	1
202009020416	3	55.00240	1110000000000000	1	13.15456	1110000000000000	1
202009020446	3	55.00233	1110000000000000	1	13.15460	1110000000000000	1
202009020516	3	55.00230	1110000000000000	1	13.15465	1110000000000000	1
202009020546	3	55.00232	1110000000000000	1	13.15484	1110000000000000	1
202009020616	3	55.00232	1110000000000000	1	13.15480	1110000000000000	1
202009020646	3	55.00235	1110000000000000	1	13.15480	1110000000000000	1
202009020716	3	55.00232	1110000000000000	1	13.15475	1110000000000000	1
202009020746	3	55.00232	1110000000000000	1	13.15478	1110000000000000	1
202009020816	3	55.00225	1110000000000000	1	13.15445	1110000000000000	1
202009020846	3	55.00231	1110000000000000	1	13.15478	1110000000000000	1
202009020916	3	55.00231	1110000000000000	1	13.15478	1110000000000000	1
202009020946	3	55.00232	1110000000000000	1	13.15473	1110000000000000	1
202009021016	3	55.00230	1110000000000000	1	13.15467	1110000000000000	1
202009021046	3	55.00231	1110000000000000	1	13.15469	1110000000000000	1
202009021116	3	55.00229	1110000000000000	1	13.15469	1110000000000000	1
202009021146	3	55.00231	1110000000000000	1	13.15467	1110000000000000	1
202009021216	3	55.00217	1110000000000000	1	13.15471	1110000000000000	1
202009021246	3	55.00237	1110000000000000	1	13.15456	1110000000000000	1
202009021316	3	55.00233	1110000000000000	1	13.15456	1110000000000000	1
202009021346	3	55.00234	1110000000000000	1	13.15452	1110000000000000	1
202009021416	3	55.00230	1110000000000000	1	13.15445	1110000000000000	1
202009021446	3	55.00232	1110000000000000	1	13.15460	1110000000000000	1
202009021516	3	55.00229	1110000000000000	1	13.15467	1110000000000000	1
202009021546	3	55.00234	1110000000000000	1	13.15456	1110000000000000	1
202009021616	3	55.00235	1110000000000000	1	13.15450	1110000000000000	1
202009021646	3	55.00237	1110000000000000	1	13.15450	1110000000000000	1
202009021716	3	55.00232	1110000000000000	1	13.15458	1110000000000000	1
202009021746	3	55.00232	1110000000000000	1	13.15475	1110000000000000	1
202009021816	3	55.00237	1110000000000000	1	13.15490	1110000000000000	1
202009021846	3	55.00249	1110000000000000	1	13.15501	1110000000000000	1
202009021916	3	55.00243	1110000000000000	1	13.15501	1110000000000000	1
202009021946	3	55.00242	1110000000000000	1	13.15501	1110000000000000	1
202009022016	3	55.00242	1110000000000000	1	13.15501	1110000000000000	1
202009022046	3	55.00242	1110000000000000	1	13.15499	1110000000000000	1
202009022116	3	55.00241	1110000000000000	1	13.15501	1110000000000000	1
202009022146	3	55.00243	1110000000000000	1	13.15506	1110000000000000	1
202009022216	3	55.00240	1110000000000000	1	13.15499	1110000000000000	1
202009022246	3	55.00240	1110000000000000	1	13.15501	1110000000000000	1
202009022316	3	55.00239	1110000000000000	1	13.15499	1110000000000000	1
202009022346	3	55.00243	1110000000000000	1	13.15495	1110000000000000	1
202009030016	3	55.00237	1110000000000000	1	13.15499	1110000000000000	1
202009030046	3	55.00240	1110000000000000	1	13.15493	1110000000000000	1
202009030116	3	55.00237	1110000000000000	1	13.15490	1110000000000000	1
202009030146	3	55.00243	1110000000000000	1	13.15488	1110000000000000	1
202009030216	3	55.00242	1110000000000000	1	13.15495	1110000000000000	1
202009030246	3	55.00237	1110000000000000	1	13.15495	1110000000000000	1
202009030316	3	55.00234	1110000000000000	1	13.15493	1110000000000000	1
202009030346	3	55.00235	1110000000000000	1	13.15488	1110000000000000	1
202009030416	3	55.00231	1110000000000000	1	13.15488	1110000000000000	1
202009030446	3	55.00233	1110000000000000	1	13.15488	1110000000000000	1
202009030516	3	55.00253	1110000000000000	1	13.15486	1110000000000000	1
202009030546	3	55.00233	1110000000000000	1	13.15493	1110000000000000	1
202009030616	3	55.00238	1110000000000000	1	13.15495	1110000000000000	1
202009030646	3	55.00238	1110000000000000	1	13.15495	1110000000000000	1
202009030716	3	55.00239	1110000000000000	1	13.15499	1110000000000000	1
202009030746	3	55.00246	1110000000000000	1	13.15497	1110000000000000	1
202009030816	3	55.00240	1110000000000000	1	13.15495	1110000000000000	1
202009030846	3	55.00241	1110000000000000	1	13.15499	1110000000000000	1
202009030916	3	55.00247	1110000000000000	1	13.15497	1110000000000000	1
202009030946	3	55.00246	1110000000000000	1	13.15501	1110000000000000	1
202009031016	3	55.00247	1110000000000000	1	13.15506	1110000000000000	1
202009031046	3	55.00245	1110000000000000	1	13.15506	1110000000000000	1
202009031116	3	55.00247	1110000000000000	1	13.15506	1110000000000000	1
202009031146	3	55.00253	1110000000000000	1	13.15503	1110000000000000	1
202009031216	3	55.00250	1110000000000000	1	13.15506	1110000000000000	1
202009031246	3	55.00256	1110000000000000	1	13.15506	1110000000000000	1
202009031316	3	55.00258	1110000000000000	1	13.15506	1110000000000000	1
202009031346	3	55.00257	1110000000000000	1	13.15501	1110000000000000	1
202009031416	3	55.00255	1110000000000000	1	13.15501	1110000000000000	1
202009031446	3	55.00257	1110000000000000	1	13.15497	1110000000000000	1
202009031516	3	55.00256	1110000000000000	1	13.15499	1110000000000000	1
202009031546	3	55.00259	1110000000000000	1	13.15495	1110000000000000	1
202009031616	3	55.00255	1110000000000000	1	13.15497	1110000000000000	1
202009031646	3	55.00263	1110000000000000	1	13.15493	1110000000000000	1
202009031716	3	55.00265	1110000000000000	1	13.15482	1110000000000000	1
202009031746	3	55.00267	1110000000000000	1	13.15467	1110000000000000	1
202009031816	3	55.00265	1110000000000000	1	13.15460	1110000000000000	1
202009031846	3	55.00260	1110000000000000	1	13.15475	1110000000000000	1
202009031916	3	55.00270	1110000000000000	1	13.15469	1110000000000000	1
202009031946	3	55.00267	1110000000000000	1	13.15488	1110000000000000	1
202009032016	3	55.00262	1110000000000000	1	13.15495	1110000000000000	1
202009032046	3	55.00262	1110000000000000	1	13.15493	1110000000000000	1
202009032116	3	55.00260	1110000000000000	1	13.15493	1110000000000000	1
202009032146	3	55.00263	1110000000000000	1	13.15490	1110000000000000	1
202009032216	3	55.00263	1110000000000000	1	13.15488	1110000000000000	1
202009032246	3	55.00265	1110000000000000	1	13.15488	1110000000000000	1
202009032316	3	55.00271	1110000000000000	1	13.15484	1110000000000000	1
202009032346	3	55.00260	1110000000000000	1	13.15495	1110000000000000	1
202009040016	3	55.00261	1110000000000000	1	13.15497	1110000000000000	1
202009040046	3	55.00253	1110000000000000	1	13.15503	1110000000000000	1
202009040116	3	55.00253	1110000000000000	1	13.15506	1110000000000000	1
202009040146	3	55.00254	1110000000000000	1	13.15506	1110000000000000	1
202009040216	3	55.00256	1110000000000000	1	13.15506	1110000000000000	1
202009040246	3	55.00252	1110000000000000	1	13.15506	1110000000000000	1
202009040316	3	55.00245	1110000000000000	1	13.15503	1110000000000000	1
202009040346	3	55.00246	1110000000000000	1	13.15503	1110000000000000	1
202009040416	3	55.00248	1110000000000000	1	13.15503	1110000000000000	1
202009040446	3	55.00245	1110000000000000	1	13.15503	1110000000000000	1
202009040516	3	55.00245	1110000000000000	1	13.15501	1110000000000000	1
202009040546	3	55.00242	1110000000000000	1	13.15501	1110000000000000	1
202009040616	3	55.00241	1110000000000000	1	13.15503	1110000000000000	1
202009040646	3	55.00241	1110000000000000	1	13.15501	1110000000000000	1
202009040716	3	55.00240	1110000000000000	1	13.15499	1110000000000000	1
202009040746	3	55.00240	1110000000000000	1	13.15501	1110000000000000	1
202009040816	3	55.00241	1110000000000000	1	13.15499	1110000000000000	1
202009040846	3	55.00242	1110000000000000	1	13.15497	1110000000000000	1
202009040916	3	55.00242	1110000000000000	1	13.15497	1110000000000000	1
202009040946	3	55.00240	1110000000000000	1	13.15499	1110000000000000	1
202009041016	3	55.00240	1110000000000000	1	13.15501	1110000000000000	1
202009041046	3	55.00245	1110000000000000	1	13.15506	1110000000000000	1
202009041116	3	55.00243	1110000000000000	1	13.15508	1110000000000000	1
202009041146	3	55.00242	1110000000000000	1	13.15506	1110000000000000	1
202009041216	3	55.00239	1110000000000000	1	13.15499	1110000000000000	1
202009041246	3	55.00238	1110000000000000	1	13.15497	1110000000000000	1
202009041316	3	55.00235	1110000000000000	1	13.15497	1110000000000000	1
202009041346	3	55.00244	1110000000000000	1	13.15499	1110000000000000	1
202009041416	3	55.00239	1110000000000000	1	13.15497	1110000000000000	1
202009041446	3	55.00245	1110000000000000	1	13.15501	1110000000000000	1
202009041516	3	55.00248	1110000000000000	1	13.15499	1110000000000000	1
202009041546	3	55.00246	1110000000000000	1	13.15503	1110000000000000	1
202009041616	3	55.00256	1110000000000000	1	13.15503	1110000000000000	1
202009041646	3	55.00257	1110000000000000	1	13.15503	1110000000000000	1
202009041716	3	55.00257	1110000000000000	1	13.15501	1110000000000000	1
202009041746	3	55.00255	1110000000000000	1	13.15503	1110000000000000	1
202009041816	3	55.00276	1110000000000000	1	13.15488	1110000000000000	1
202009041846	3	55.00260	1110000000000000	1	13.15506	1110000000000000	1
202009041916	3	55.00263	1110000000000000	1	13.15488	1110000000000000	1
202009042016	3	55.00255	1110000000000000	1	13.15499	1110000000000000	1
202009042046	3	55.00245	1110000000000000	1	13.15516	1110000000000000	1
202009042116	3	55.00254	1110000000000000	1	13.15503	1110000000000000	1
202009042146	3	55.00245	1110000000000000	1	13.15501	1110000000000000	1
202009042216	3	55.00244	1110000000000000	1	13.15501	1110000000000000	1
202009042246	3	55.00246	1110000000000000	1	13.15508	1110000000000000	1
202009042316	3	55.00254	1110000000000000	1	13.15495	1110000000000000	1
202009042346	3	55.00253	1110000000000000	1	13.15499	1110000000000000	1
202009050016	3	55.00252	1110000000000000	1	13.15499	1110000000000000	1
202009050046	3	55.00250	1110000000000000	1	13.15503	1110000000000000	1
202009050116	3	55.00248	1110000000000000	1	13.15503	1110000000000000	1
202009050146	3	55.00249	1110000000000000	1	13.15503	1110000000000000	1
202009050216	3	55.00252	1110000000000000	1	13.15503	1110000000000000	1
202009050246	3	55.00259	1110000000000000	1	13.15493	1110000000000000	1
202009050316	3	55.00253	1110000000000000	1	13.15495	1110000000000000	1
202009050346	3	55.00259	1110000000000000	1	13.15499	1110000000000000	1
202009050416	3	55.00257	1110000000000000	1	13.15514	1110000000000000	1
202009050446	3	55.00254	1110000000000000	1	13.15501	1110000000000000	1
202009050516	3	55.00257	1110000000000000	1	13.15499	1110000000000000	1
202009050546	3	55.00259	1110000000000000	1	13.15499	1110000000000000	1
202009050616	3	55.00259	1110000000000000	1	13.15501	1110000000000000	1
202009050646	3	55.00260	1110000000000000	1	13.15497	1110000000000000	1
202009050716	3	55.00257	1110000000000000	1	13.15501	1110000000000000	1
202009050746	3	55.00254	1110000000000000	1	13.15499	1110000000000000	1
202009050816	3	55.00258	1110000000000000	1	13.15501	1110000000000000	1
202009050846	3	55.00258	1110000000000000	1	13.15503	1110000000000000	1
202009050916	3	55.00257	1110000000000000	1	13.15503	1110000000000000	1
202009050946	3	55.00253	1110000000000000	1	13.15503	1110000000000000	1
202009051016	3	55.00254	1110000000000000	1	13.15512	1110000000000000	1
202009051046	3	55.00253	1110000000000000	1	13.15508	1110000000000000	1
202009051116	3	55.00256	1110000000000000	1	13.15503	1110000000000000	1
202009051146	3	55.00253	1110000000000000	1	13.15506	1110000000000000	1
202009051216	3	55.00250	1110000000000000	1	13.15512	1110000000000000	1
202009051246	3	55.00252	1110000000000000	1	13.15506	1110000000000000	1
202009051316	3	55.00250	1110000000000000	1	13.15506	1110000000000000	1
202009051346	3	55.00245	1110000000000000	1	13.15506	1110000000000000	1
202009051416	3	55.00245	1110000000000000	1	13.15503	1110000000000000	1
202009051446	3	55.00243	1110000000000000	1	13.15503	1110000000000000	1
202009051516	3	55.00248	1110000000000000	1	13.15499	1110000000000000	1
202009051546	3	55.00245	1110000000000000	1	13.15506	1110000000000000	1
202009051616	3	55.00248	1110000000000000	1	13.15506	1110000000000000	1
202009051646	3	55.00250	1110000000000000	1	13.15503	1110000000000000	1
202009051716	3	55.00249	1110000000000000	1	13.15503	1110000000000000	1
202009051746	3	55.00245	1110000000000000	1	13.15506	1110000000000000	1
202009051816	3	55.00243	1110000000000000	1	13.15499	1110000000000000	1
202009051846	3	55.00257	1110000000000000	1	13.15506	1110000000000000	1
202009051916	3	55.00247	1110000000000000	1	13.15501	1110000000000000	1
202009051946	3	55.00246	1110000000000000	1	13.15506	1110000000000000	1
202009052016	3	55.00252	1110000000000000	1	13.15503	1110000000000000	1
202009052046	3	55.00252	1110000000000000	1	13.15506	1110000000000000	1
202009052116	3	55.00255	1110000000000000	1	13.15503	1110000000000000	1
202009052146	3	55.00248	1110000000000000	1	13.15501	1110000000000000	1
202009052216	3	55.00250	1110000000000000	1	13.15503	1110000000000000	1
202009052246	3	55.00247	1110000000000000	1	13.15503	1110000000000000	1
202009052316	3	55.00252	1110000000000000	1	13.15501	1110000000000000	1
202009052346	3	55.00250	1110000000000000	1	13.15501	1110000000000000	1
202009060016	3	55.00250	1110000000000000	1	13.15501	1110000000000000	1
202009060046	3	55.00249	1110000000000000	1	13.15501	1110000000000000	1
202009060116	3	55.00248	1110000000000000	1	13.15506	1110000000000000	1
202009060146	3	55.00246	1110000000000000	1	13.15503	1110000000000000	1
202009060216	3	55.00248	1110000000000000	1	13.15503	1110000000000000	1
202009060246	3	55.00239	1110000000000000	1	13.15508	1110000000000000	1
202009060316	3	55.00245	1110000000000000	1	13.15499	1110000000000000	1
202009060346	3	55.00243	1110000000000000	1	13.15499	1110000000000000	1
202009060416	3	55.00242	1110000000000000	1	13.15501	1110000000000000	1
202009060446	3	55.00244	1110000000000000	1	13.15501	1110000000000000	1
202009060516	3	55.00245	1110000000000000	1	13.15503	1110000000000000	1
202009060546	3	55.00247	1110000000000000	1	13.15501	1110000000000000	1
202009060616	3	55.00243	1110000000000000	1	13.15501	1110000000000000	1
202009060646	3	55.00246	1110000000000000	1	13.15501	1110000000000000	1
202009060716	3	55.00247	1110000000000000	1	13.15499	1110000000000000	1
202009060746	3	55.00247	1110000000000000	1	13.15503	1110000000000000	1
202009060816	3	55.00246	1110000000000000	1	13.15499	1110000000000000	1
202009060846	3	55.00252	1110000000000000	1	13.15503	1110000000000000	1
202009060916	3	55.00253	1110000000000000	1	13.15503	1110000000000000	1
202009060946	3	55.00259	1110000000000000	1	13.15501	1110000000000000	1
202009061016	3	55.00252	1110000000000000	1	13.15503	1110000000000000	1
202009061046	3	55.00253	1110000000000000	1	13.15503	1110000000000000	1
202009061116	3	55.00253	1110000000000000	1	13.15503	1110000000000000	1
202009061146	3	55.00250	1110000000000000	1	13.15506	1110000000000000	1
202009061216	3	55.00255	1110000000000000	1	13.15501	1110000000000000	1
202009061246	3	55.00253	1110000000000000	1	13.15503	1110000000000000	1
202009061316	3	55.00254	1110000000000000	1	13.15503	1110000000000000	1
202009061346	3	55.00254	1110000000000000	1	13.15506	1110000000000000	1
202009061416	3	55.00253	1110000000000000	1	13.15501	1110000000000000	1
202009061446	3	55.00254	1110000000000000	1	13.15501	1110000000000000	1
202009061516	3	55.00258	1110000000000000	1	13.15506	1110000000000000	1
202009061546	3	55.00258	1110000000000000	1	13.15503	1110000000000000	1
202009061616	3	55.00249	1110000000000000	1	13.15510	1110000000000000	1
202009061646	3	55.00247	1110000000000000	1	13.15506	1110000000000000	1
202009061716	3	55.00252	1110000000000000	1	13.15506	1110000000000000	1
202009061746	3	55.00253	1110000000000000	1	13.15497	1110000000000000	1
202009061816	3	55.00259	1110000000000000	1	13.15503	1110000000000000	1
202009061846	3	55.00253	1110000000000000	1	13.15503	1110000000000000	1
202009061916	3	55.00247	1110000000000000	1	13.15508	1110000000000000	1
202009061946	3	55.00245	1110000000000000	1	13.15510	1110000000000000	1
202009062016	3	55.00247	1110000000000000	1	13.15503	1110000000000000	1
202009062046	3	55.00245	1110000000000000	1	13.15501	1110000000000000	1
202009062116	3	55.00249	1110000000000000	1	13.15499	1110000000000000	1
202009062146	3	55.00241	1110000000000000	1	13.15501	1110000000000000	1
202009062216	3	55.00240	1110000000000000	1	13.15501	1110000000000000	1
202009062246	3	55.00241	1110000000000000	1	13.15501	1110000000000000	1
202009062316	3	55.00243	1110000000000000	1	13.15503	1110000000000000	1
202009062346	3	55.00242	1110000000000000	1	13.15497	1110000000000000	1
202009070016	3	55.00238	1110000000000000	1	13.15499	1110000000000000	1
202009070046	3	55.00239	1110000000000000	1	13.15501	1110000000000000	1
202009070116	3	55.00239	1110000000000000	1	13.15499	1110000000000000	1
202009070146	3	55.00240	1110000000000000	1	13.15499	1110000000000000	1
202009070216	3	55.00240	1110000000000000	1	13.15495	1110000000000000	1
202009070246	3	55.00239	1110000000000000	1	13.15497	1110000000000000	1
202009070316	3	55.00235	1110000000000000	1	13.15503	1110000000000000	1
202009070346	3	55.00237	1110000000000000	1	13.15497	1110000000000000	1
202009070416	3	55.00238	1110000000000000	1	13.15501	1110000000000000	1
202009070446	3	55.00240	1110000000000000	1	13.15497	1110000000000000	1
202009070516	3	55.00242	1110000000000000	1	13.15499	1110000000000000	1
202009070546	3	55.00239	1110000000000000	1	13.15497	1110000000000000	1
202009070616	3	55.00240	1110000000000000	1	13.15499	1110000000000000	1
202009070646	3	55.00243	1110000000000000	1	13.15503	1110000000000000	1
202009070716	3	55.00239	1110000000000000	1	13.15501	1110000000000000	1
202009070746	3	55.00242	1110000000000000	1	13.15501	1110000000000000	1
202009070816	3	55.00242	1110000000000000	1	13.15499	1110000000000000	1
202009070846	3	55.00245	1110000000000000	1	13.15501	1110000000000000	1
202009070916	3	55.00246	1110000000000000	1	13.15499	1110000000000000	1
202009070946	3	55.00242	1110000000000000	1	13.15501	1110000000000000	1
202009071016	3	55.00242	1110000000000000	1	13.15508	1110000000000000	1
202009071046	3	55.00242	1110000000000000	1	13.15499	1110000000000000	1
202009071116	3	55.00245	1110000000000000	1	13.15503	1110000000000000	1
202009071146	3	55.00246	1110000000000000	1	13.15503	1110000000000000	1
202009071216	3	55.00245	1110000000000000	1	13.15506	1110000000000000	1
202009071246	3	55.00243	1110000000000000	1	13.15501	1110000000000000	1
202009071316	3	55.00241	1110000000000000	1	13.15503	1110000000000000	1
202009071346	3	55.00248	1110000000000000	1	13.15510	1110000000000000	1
202009071416	3	55.00247	1110000000000000	1	13.15501	1110000000000000	1
202009071446	3	55.00246	1110000000000000	1	13.15503	1110000000000000	1
202009071516	3	55.00245	1110000000000000	1	13.15506	1110000000000000	1
202009071546	3	55.00245	1110000000000000	1	13.15506	1110000000000000	1
202009071616	3	55.00247	1110000000000000	1	13.15499	1110000000000000	1
202009071646	3	55.00253	1110000000000000	1	13.15501	1110000000000000	1
202009071716	3	55.00256	1110000000000000	1	13.15501	1110000000000000	1
202009071746	3	55.00258	1110000000000000	1	13.15501	1110000000000000	1
202009071816	3	55.00260	1110000000000000	1	13.15499	1110000000000000	1
202009071846	3	55.00270	1110000000000000	1	13.15493	1110000000000000	1
202009071916	3	55.00259	1110000000000000	1	13.15499	1110000000000000	1
202009071946	3	55.00261	1110000000000000	1	13.15497	1110000000000000	1
202009072016	3	55.00261	1110000000000000	1	13.15497	1110000000000000	1
202009072046	3	55.00260	1110000000000000	1	13.15497	1110000000000000	1
202009072116	3	55.00268	1110000000000000	1	13.15495	1110000000000000	1
202009072146	3	55.00260	1110000000000000	1	13.15495	1110000000000000	1
202009072216	3	55.00262	1110000000000000	1	13.15495	1110000000000000	1
202009072246	3	55.00263	1110000000000000	1	13.15495	1110000000000000	1
202009072316	3	55.00262	1110000000000000	1	13.15495	1110000000000000	1
202009072346	3	55.00263	1110000000000000	1	13.15493	1110000000000000	1
202009080016	3	55.00260	1110000000000000	1	13.15495	1110000000000000	1
202009080046	3	55.00298	1110000000000000	1	13.15460	1110000000000000	1
202009080116	3	55.00259	1110000000000000	1	13.15499	1110000000000000	1
202009080146	3	55.00260	1110000000000000	1	13.15501	1110000000000000	1
202009080216	3	55.00260	1110000000000000	1	13.15499	1110000000000000	1
202009080246	3	55.00254	1110000000000000	1	13.15501	1110000000000000	1
202009080316	3	55.00254	1110000000000000	1	13.15506	1110000000000000	1
202009080346	3	55.00257	1110000000000000	1	13.15503	1110000000000000	1
202009080416	3	55.00259	1110000000000000	1	13.15506	1110000000000000	1
202009080446	3	55.00256	1110000000000000	1	13.15503	1110000000000000	1
202009080516	3	55.00276	1110000000000000	1	13.15471	1110000000000000	1
202009080546	3	55.00260	1110000000000000	1	13.15506	1110000000000000	1
202009080616	3	55.00261	1110000000000000	1	13.15514	1110000000000000	1
202009080646	3	55.00256	1110000000000000	1	13.15495	1110000000000000	1
202009080716	3	55.00257	1110000000000000	1	13.15501	1110000000000000	1
202009080746	3	55.00260	1110000000000000	1	13.15506	1110000000000000	1
202009080816	3	55.00256	1110000000000000	1	13.15503	1110000000000000	1
202009080846	3	55.00255	1110000000000000	1	13.15506	1110000000000000	1
202009080916	3	55.00248	1110000000000000	1	13.15506	1110000000000000	1
202009080946	3	55.00246	1110000000000000	1	13.15508	1110000000000000	1
202009081016	3	55.00246	1110000000000000	1	13.15506	1110000000000000	1
202009081046	3	55.00246	1110000000000000	1	13.15508	1110000000000000	1
202009081116	3	55.00252	1110000000000000	1	13.15501	1110000000000000	1
202009081146	3	55.00245	1110000000000000	1	13.15503	1110000000000000	1
202009081216	3	55.00241	1110000000000000	1	13.15503	1110000000000000	1
202009081246	3	55.00240	1110000000000000	1	13.15503	1110000000000000	1
202009081316	3	55.00240	1110000000000000	1	13.15501	1110000000000000	1
202009081346	3	55.00235	1110000000000000	1	13.15501	1110000000000000	1
202009081416	3	55.00234	1110000000000000	1	13.15501	1110000000000000	1
202009081446	3	55.00228	1110000000000000	1	13.15493	1110000000000000	1
202009081516	3	55.00231	1110000000000000	1	13.15486	1110000000000000	1
202009081546	3	55.00225	1110000000000000	1	13.15475	1110000000000000	1
202009081616	3	55.00225	1110000000000000	1	13.15469	1110000000000000	1
202009081646	3	55.00227	1110000000000000	1	13.15465	1110000000000000	1
202009081716	3	55.00231	1110000000000000	1	13.15450	1110000000000000	1
202009081746	3	55.00234	1110000000000000	1	13.15443	1110000000000000	1
202009081816	3	55.00239	1110000000000000	1	13.15441	1110000000000000	1
202009081846	3	55.00241	1110000000000000	1	13.15435	1110000000000000	1
202009081916	3	55.00239	1110000000000000	1	13.15441	1110000000000000	1
202009081946	3	55.00239	1110000000000000	1	13.15439	1110000000000000	1
202009082016	3	55.00241	1110000000000000	1	13.15435	1110000000000000	1
202009082046	3	55.00245	1110000000000000	1	13.15437	1110000000000000	1
202009082116	3	55.00243	1110000000000000	1	13.15439	1110000000000000	1
202009082146	3	55.00247	1110000000000000	1	13.15433	1110000000000000	1
202009082216	3	55.00250	1110000000000000	1	13.15435	1110000000000000	1
202009082246	3	55.00254	1110000000000000	1	13.15437	1110000000000000	1
202009082316	3	55.00258	1110000000000000	1	13.15458	1110000000000000	1
202009082346	3	55.00268	1110000000000000	1	13.15467	1110000000000000	1
202009090016	3	55.00264	1110000000000000	1	13.15480	1110000000000000	1
202009090046	3	55.00265	1110000000000000	1	13.15480	1110000000000000	1
202009090116	3	55.00260	1110000000000000	1	13.15490	1110000000000000	1
202009090146	3	55.00261	1110000000000000	1	13.15493	1110000000000000	1
202009090216	3	55.00259	1110000000000000	1	13.15493	1110000000000000	1
202009090246	3	55.00258	1110000000000000	1	13.15490	1110000000000000	1
202009090316	3	55.00255	1110000000000000	1	13.15495	1110000000000000	1
202009090346	3	55.00253	1110000000000000	1	13.15503	1110000000000000	1
202009090416	3	55.00256	1110000000000000	1	13.15501	1110000000000000	1
202009090446	3	55.00258	1110000000000000	1	13.15495	1110000000000000	1
202009090516	3	55.00259	1110000000000000	1	13.15495	1110000000000000	1
202009090546	3	55.00256	1110000000000000	1	13.15499	1110000000000000	1
202009090616	3	55.00257	1110000000000000	1	13.15484	1110000000000000	1
202009090646	3	55.00261	1110000000000000	1	13.15488	1110000000000000	1
202009090716	3	55.00263	1110000000000000	1	13.15486	1110000000000000	1
202009090746	3	55.00267	1110000000000000	1	13.15484	1110000000000000	1
202009090816	3	55.00262	1110000000000000	1	13.15493	1110000000000000	1
202009090846	3	55.00263	1110000000000000	1	13.15486	1110000000000000	1
202009090916	3	55.00258	1110000000000000	1	13.15490	1110000000000000	1
202009090946	3	55.00263	1110000000000000	1	13.15495	1110000000000000	1
202009091016	3	55.00263	1110000000000000	1	13.15495	1110000000000000	1
202009091046	3	55.00265	1110000000000000	1	13.15497	1110000000000000	1
202009091116	3	55.00261	1110000000000000	1	13.15501	1110000000000000	1
202009091146	3	55.00265	1110000000000000	1	13.15495	1110000000000000	1
202009091216	3	55.00263	1110000000000000	1	13.15508	1110000000000000	1
202009091246	3	55.00261	1110000000000000	1	13.15501	1110000000000000	1
202009091316	3	55.00259	1110000000000000	1	13.15503	1110000000000000	1
202009091346	3	55.00268	1110000000000000	1	13.15471	1110000000000000	1
202009091416	3	55.00263	1110000000000000	1	13.15499	1110000000000000	1
202009091446	3	55.00267	1110000000000000	1	13.15495	1110000000000000	1
202009091516	3	55.00259	1110000000000000	1	13.15508	1110000000000000	1
202009091546	3	55.00255	1110000000000000	1	13.15508	1110000000000000	1
202009091616	3	55.00254	1110000000000000	1	13.15512	1110000000000000	1
202009091646	3	55.00249	1110000000000000	1	13.15508	1110000000000000	1
202009091716	3	55.00247	1110000000000000	1	13.15508	1110000000000000	1
202009091746	3	55.00245	1110000000000000	1	13.15508	1110000000000000	1
202009091816	3	55.00242	1110000000000000	1	13.15508	1110000000000000	1
202009091846	3	55.00240	1110000000000000	1	13.15503	1110000000000000	1
202009091916	3	55.00239	1110000000000000	1	13.15503	1110000000000000	1
202009091946	3	55.00237	1110000000000000	1	13.15503	1110000000000000	1
202009092016	3	55.00238	1110000000000000	1	13.15499	1110000000000000	1
202009092046	3	55.00233	1110000000000000	1	13.15495	1110000000000000	1
202009092116	3	55.00235	1110000000000000	1	13.15501	1110000000000000	1
202009092146	3	55.00232	1110000000000000	1	13.15493	1110000000000000	1
202009092216	3	55.00233	1110000000000000	1	13.15495	1110000000000000	1
202009092246	3	55.00233	1110000000000000	1	13.15493	1110000000000000	1
202009092316	3	55.00230	1110000000000000	1	13.15488	1110000000000000	1
202009092346	3	55.00225	1110000000000000	1	13.15484	1110000000000000	1
202009100016	3	55.00229	1110000000000000	1	13.15486	1110000000000000	1
202009100046	3	55.00229	1110000000000000	1	13.15484	1110000000000000	1
202009100116	3	55.00226	1110000000000000	1	13.15480	1110000000000000	1
202009100146	3	55.00227	1110000000000000	1	13.15480	1110000000000000	1
202009100216	3	55.00226	1110000000000000	1	13.15478	1110000000000000	1
202009100246	3	55.00230	1110000000000000	1	13.15473	1110000000000000	1
202009100316	3	55.00238	1110000000000000	1	13.15469	1110000000000000	1
202009100346	3	55.00226	1110000000000000	1	13.15465	1110000000000000	1
202009100416	3	55.00225	1110000000000000	1	13.15465	1110000000000000	1
202009100446	3	55.00228	1110000000000000	1	13.15463	1110000000000000	1
202009100516	3	55.00226	1110000000000000	1	13.15465	1110000000000000	1
202009100546	3	55.00228	1110000000000000	1	13.15467	1110000000000000	1
202009100616	3	55.00232	1110000000000000	1	13.15482	1110000000000000	1
202009100646	3	55.00227	1110000000000000	1	13.15469	1110000000000000	1
202009100716	3	55.00228	1110000000000000	1	13.15473	1110000000000000	1
202009100746	3	55.00230	1110000000000000	1	13.15480	1110000000000000	1
202009100816	3	55.00228	1110000000000000	1	13.15475	1110000000000000	1
202009100846	3	55.00230	1110000000000000	1	13.15480	1110000000000000	1
202009100916	3	55.00229	1110000000000000	1	13.15484	1110000000000000	1
202009100946	3	55.00228	1110000000000000	1	13.15484	1110000000000000	1
202009101016	3	55.00230	1110000000000000	1	13.15482	1110000000000000	1
202009101046	3	55.00229	1110000000000000	1	13.15475	1110000000000000	1
202009101116	3	55.00228	1110000000000000	1	13.15475	1110000000000000	1
202009101146	3	55.00227	1110000000000000	1	13.15480	1110000000000000	1
202009101216	3	55.00230	1110000000000000	1	13.15475	1110000000000000	1
202009101246	3	55.00228	1110000000000000	1	13.15471	1110000000000000	1
202009101316	3	55.00178	1110000000000000	1	13.15501	1110000000000000	1
202009101346	3	55.00193	1110000000000000	1	13.15551	1110000000000000	1
202009101416	3	55.00309	1110000000000000	1	13.15690	1110000000000000	1
202009101446	3	55.00422	1110000000000000	1	13.15868	1110000000000000	1
202009101516	3	55.00502	1110000000000000	1	13.16089	1110000000000000	1
202009101546	3	55.00586	1110000000000000	1	13.16338	1110000000000000	1
202009101616	3	55.00670	1110000000000000	1	13.16647	1110000000000000	1
202009101646	3	55.00765	1410000000000000	4	13.16975	1410000000000000	4
202009101716	3	55.00876	1410000000000000	4	13.17325	1410000000000000	4
202009101746	3	55.00970	1410000000000000	4	13.17701	1410000000000000	4
202009101816	3	55.01056	1410000000000000	4	13.18063	1410000000000000	4
202009101846	3	55.01121	1410000000000000	4	13.18428	1410000000000000	4
202009101916	3	55.01170	1410000000000000	4	13.18827	1410000000000000	4
202009101946	3	55.01187	1410000000000000	4	13.19216	1410000000000000	4
202009102016	3	55.01188	1410000000000000	4	13.19604	1410000000000000	4
202009102046	3	55.01171	1410000000000000	4	13.19992	1410000000000000	4
202009102116	3	55.01116	1410000000000000	4	13.20299	1410000000000000	4
202009102146	3	55.01062	1410000000000000	4	13.20546	1410000000000000	4
202009102216	3	55.00957	1410000000000000	4	13.20780	1410000000000000	4
202009102246	3	55.00852	1410000000000000	4	13.20949	1410000000000000	4
202009102316	3	55.00743	1410000000000000	4	13.21097	1410000000000000	4
202009102346	3	55.00653	1410000000000000	4	13.21203	1410000000000000	4
202009110016	3	55.00522	1410000000000000	4	13.21301	1410000000000000	4
202009110046	3	55.00423	1410000000000000	4	13.21333	1410000000000000	4
202009110116	3	55.00333	1410000000000000	4	13.21323	1410000000000000	4
202009110146	3	55.00263	1410000000000000	4	13.21269	1410000000000000	4
202009110216	3	55.00209	1410000000000000	4	13.21192	1410000000000000	4
202009110246	3	55.00186	1410000000000000	4	13.21130	1410000000000000	4
202009110316	3	55.00208	1410000000000000	4	13.21102	1410000000000000	4
202009110346	3	55.00241	1410000000000000	4	13.21091	1410000000000000	4
202009110416	3	55.00302	1410000000000000	4	13.21061	1410000000000000	4
202009110446	3	55.00378	1410000000000000	4	13.21074	1410000000000000	4
202009110516	3	55.00429	1410000000000000	4	13.21138	1410000000000000	4
202009110546	3	55.00462	1410000000000000	4	13.21254	1410000000000000	4
202009110616	3	55.00498	1410000000000000	4	13.21406	1410000000000000	4
202009110646	3	55.00525	1410000000000000	4	13.21572	1410000000000000	4
202009110716	3	55.00521	1410000000000000	4	13.21763	1410000000000000	4
202009110746	3	55.00490	1410000000000000	4	13.21958	1410000000000000	4
202009110816	3	55.00430	1410000000000000	4	13.22187	1410000000000000	4
202009110846	3	55.00366	1410000000000000	4	13.22441	1410000000000000	4
202009110916	3	55.00286	1410000000000000	4	13.22732	1410000000000000	4
202009110946	3	55.00175	1410000000000000	4	13.23005	1410000000000000	4
202009111016	3	55.00023	1410000000000000	4	13.23254	1410000000000000	4
202009111046	3	54.99838	1410000000000000	4	13.23453	1410000000000000	4
202009111116	3	54.99639	1410000000000000	4	13.23619	1410000000000000	4
202009111146	3	54.99420	1410000000000000	4	13.23829	1410000000000000	4
202009111216	3	54.99190	1410000000000000	4	13.24037	1410000000000000	4
202009111246	3	54.98944	1410000000000000	4	13.24200	1410000000000000	4
202009111316	3	54.98684	1410000000000000	4	13.24350	1410000000000000	4
202009111346	3	54.98406	1410000000000000	4	13.24410	1410000000000000	4
202009111416	3	54.98115	1410000000000000	4	13.24445	1410000000000000	4
202009111446	3	54.97825	1410000000000000	4	13.24458	1410000000000000	4
202009111516	3	54.97518	1410000000000000	4	13.24438	1410000000000000	4
202009111546	3	54.97231	1410000000000000	4	13.24327	1410000000000000	4
202009111616	3	54.96972	1410000000000000	4	13.24159	1410000000000000	4
202009111646	3	54.96722	1410000000000000	4	13.23945	1410000000000000	4
202009111716	3	54.96485	1410000000000000	4	13.23732	1410000000000000	4
202009111746	3	54.96248	1410000000000000	4	13.23486	1410000000000000	4
202009111816	3	54.96071	1410000000000000	4	13.23202	1410000000000000	4
202009111846	3	54.95919	1410000000000000	4	13.22898	1410000000000000	4
202009111916	3	54.95780	1410000000000000	4	13.22614	1410000000000000	4
202009111946	3	54.95626	1410000000000000	4	13.22353	1410000000000000	4
202009112016	3	54.95458	1410000000000000	4	13.22063	1410000000000000	4
202009112046	3	54.95267	1410000000000000	4	13.21698	1410000000000000	4
202009112116	3	54.95072	1410000000000000	4	13.21378	1410000000000000	4
202009112146	3	54.94866	1410000000000000	4	13.21106	1410000000000000	4
202009112216	3	54.94623	1410000000000000	4	13.20788	1410000000000000	4
202009112246	3	54.94416	1410000000000000	4	13.20505	1410000000000000	4
202009112316	3	54.94242	1410000000000000	4	13.20351	1410000000000000	4
202009112346	3	54.94077	1410000000000000	4	13.20196	1410000000000000	4
202009120016	3	54.93894	1410000000000000	4	13.20057	1410000000000000	4
202009120046	3	54.93661	1410000000000000	4	13.19834	1410000000000000	4
202009120116	3	54.93396	1410000000000000	4	13.19587	1410000000000000	4
202009120146	3	54.93129	1410000000000000	4	13.19359	1410000000000000	4
202009120216	3	54.92849	1410000000000000	4	13.19166	1410000000000000	4
202009120246	3	54.92562	1410000000000000	4	13.18975	1410000000000000	4
202009120316	3	54.92268	1410000000000000	4	13.18819	1410000000000000	4
202009120346	3	54.92001	1410000000000000	4	13.18731	1410000000000000	4
202009120416	3	54.91715	1410000000000000	4	13.18662	1410000000000000	4
202009120446	3	54.91430	1410000000000000	4	13.18617	1410000000000000	4
202009120546	3	54.90857	1410000000000000	4	13.18570	1410000000000000	4
202009120616	3	54.90575	1410000000000000	4	13.18555	1410000000000000	4
202009120646	3	54.90281	1410000000000000	4	13.18572	1410000000000000	4
