2024-11-01T00:01:59.999Z 3  54.01374  6.58493 
2024-11-01T00:31:59.999Z 3  54.01369  6.58482 
2024-11-01T01:02:00.000Z 3  54.01363  6.58472 
2024-11-01T01:31:59.999Z 3  54.01358  6.58467 
2024-11-01T02:01:59.999Z 3  54.01351  6.58469 
2024-11-01T02:32:00.000Z 3  54.01349  6.58465 
2024-11-01T03:01:59.999Z 3  54.01347  6.58463 
2024-11-01T03:31:59.999Z 3  54.01347  6.58465 
2024-11-01T04:02:00.000Z 3  54.01347  6.58467 
2024-11-01T04:31:59.999Z 3  54.01339  6.58474 
2024-11-01T05:01:59.999Z 3  54.01319  6.58547 
2024-11-01T05:32:00.000Z 3  54.01335  6.58587 
2024-11-01T06:01:59.999Z 3  54.01342  6.58596 
2024-11-01T06:31:59.999Z 3  54.01345  6.58600 
2024-11-01T07:02:00.000Z 3  54.01346  6.58605 
2024-11-01T07:31:59.999Z 3  54.01347  6.58605 
2024-11-01T08:01:59.999Z 3  54.01347  6.58605 
2024-11-01T08:32:00.000Z 3  54.01352  6.58600 
2024-11-01T09:01:59.999Z 3  54.01353  6.58600 
2024-11-01T09:31:59.999Z 3  54.01356  6.58596 
2024-11-01T10:02:00.000Z 3  54.01360  6.58592 
2024-11-01T10:31:59.999Z 3  54.01364  6.58585 
2024-11-01T11:01:59.999Z 3  54.01370  6.58579 
2024-11-01T11:32:00.000Z 3  54.01380  6.58551 
2024-11-01T12:01:59.999Z 3  54.01377  6.58491 
2024-11-01T12:31:59.999Z 3  54.01367  6.58474 
2024-11-01T13:02:00.000Z 3  54.01365  6.58467 
2024-11-01T13:31:59.999Z 3  54.01361  6.58461 
2024-11-01T14:01:59.999Z 3  54.01356  6.58461 
2024-11-01T14:32:00.000Z 3  54.01356  6.58459 
2024-11-01T15:01:59.999Z 3  54.01353  6.58457 
2024-11-01T15:31:59.999Z 3  54.01351  6.58461 
2024-11-01T16:02:00.000Z 3  54.01347  6.58459 
2024-11-01T16:31:59.999Z 3  54.01341  6.58461 
2024-11-01T17:01:59.999Z 3  54.01330  6.58478 
2024-11-01T17:32:00.000Z 3  54.01313  6.58532 
2024-11-01T18:01:59.999Z 3  54.01326  6.58590 
2024-11-01T18:31:59.999Z 3  54.01336  6.58602 
2024-11-01T19:02:00.000Z 3  54.01342  6.58605 
2024-11-01T19:31:59.999Z 3  54.01345  6.58609 
2024-11-01T20:01:59.999Z 3  54.01343  6.58609 
2024-11-01T20:32:00.000Z 3  54.01346  6.58609 
2024-11-01T21:01:59.999Z 3  54.01350  6.58607 
2024-11-01T21:31:59.999Z 3  54.01350  6.58602 
2024-11-01T22:02:00.000Z 3  54.01350  6.58598 
2024-11-01T22:31:59.999Z 3  54.01351  6.58594 
2024-11-01T23:01:59.999Z 3  54.01353  6.58585 
2024-11-01T23:32:00.000Z 3  54.01369  6.58510 
2024-11-02T00:01:59.999Z 3  54.01365  6.58469 
2024-11-02T00:31:59.999Z 3  54.01362  6.58461 
2024-11-02T01:02:00.000Z 3  54.01361  6.58457 
2024-11-02T01:31:59.999Z 3  54.01356  6.58450 
2024-11-02T02:01:59.999Z 3  54.01355  6.58450 
2024-11-02T02:32:00.000Z 3  54.01351  6.58448 
2024-11-02T03:01:59.999Z 3  54.01347  6.58450 
2024-11-02T03:31:59.999Z 3  54.01345  6.58448 
2024-11-02T04:02:00.000Z 3  54.01342  6.58452 
2024-11-02T04:31:59.999Z 3  54.01341  6.58454 
2024-11-02T05:01:59.999Z 3  54.01340  6.58454 
2024-11-02T05:32:00.000Z 3  54.01333  6.58465 
2024-11-02T06:01:59.999Z 3  54.01316  6.58510 
2024-11-02T06:31:59.999Z 3  54.01333  6.58587 
2024-11-02T07:02:00.000Z 3  54.01349  6.58598 
2024-11-02T07:31:59.999Z 3  54.01351  6.58600 
2024-11-02T08:01:59.999Z 3  54.01343  6.58605 
2024-11-02T08:32:00.000Z 3  54.01345  6.58607 
2024-11-02T09:01:59.999Z 3  54.01345  6.58605 
2024-11-02T09:31:59.999Z 3  54.01346  6.58602 
2024-11-02T10:02:00.000Z 3  54.01349  6.58602 
2024-11-02T10:31:59.999Z 3  54.01354  6.58596 
2024-11-02T11:01:59.999Z 3  54.01362  6.58587 
2024-11-02T11:32:00.000Z 3  54.01376  6.58542 
2024-11-02T12:01:59.999Z 3  54.01370  6.58484 
2024-11-02T12:31:59.999Z 3  54.01362  6.58467 
2024-11-02T13:02:00.000Z 3  54.01361  6.58461 
2024-11-02T13:31:59.999Z 3  54.01357  6.58454 
2024-11-02T14:01:59.999Z 3  54.01354  6.58454 
2024-11-02T14:32:00.000Z 3  54.01352  6.58457 
2024-11-02T15:01:59.999Z 3  54.01348  6.58452 
2024-11-02T15:31:59.999Z 3  54.01347  6.58454 
2024-11-02T16:02:00.000Z 3  54.01347  6.58452 
2024-11-02T16:31:59.999Z 3  54.01346  6.58454 
2024-11-02T17:01:59.999Z 3  54.01351  6.58457 
2024-11-02T17:32:00.000Z 3  54.01340  6.58461 
2024-11-02T18:01:59.999Z 3  54.01327  6.58478 
2024-11-02T18:31:59.999Z 3  54.01326  6.58572 
2024-11-02T19:02:00.000Z 3  54.01346  6.58600 
2024-11-02T19:31:59.999Z 3  54.01353  6.58607 
2024-11-02T20:01:59.999Z 3  54.01351  6.58609 
2024-11-02T20:32:00.000Z 3  54.01347  6.58613 
2024-11-02T21:01:59.999Z 3  54.01346  6.58611 
2024-11-02T21:31:59.999Z 3  54.01346  6.58609 
2024-11-02T22:02:00.000Z 3  54.01347  6.58609 
2024-11-02T22:31:59.999Z 3  54.01349  6.58605 
2024-11-02T23:01:59.999Z 3  54.01352  6.58598 
2024-11-02T23:32:00.000Z 3  54.01357  6.58594 
2024-11-03T00:01:59.999Z 3  54.01377  6.58564 
2024-11-03T00:31:59.999Z 3  54.01369  6.58482 
2024-11-03T01:02:00.000Z 3  54.01362  6.58469 
2024-11-03T01:31:59.999Z 3  54.01360  6.58465 
2024-11-03T02:01:59.999Z 3  54.01357  6.58461 
2024-11-03T02:32:00.000Z 3  54.01353  6.58454 
2024-11-03T03:01:59.999Z 3  54.01349  6.58454 
2024-11-03T03:31:59.999Z 3  54.01348  6.58450 
2024-11-03T04:02:00.000Z 3  54.01345  6.58452 
2024-11-03T04:31:59.999Z 3  54.01348  6.58452 
2024-11-03T05:01:59.999Z 3  54.01346  6.58452 
2024-11-03T05:32:00.000Z 3  54.01342  6.58459 
2024-11-03T06:01:59.999Z 3  54.01331  6.58476 
2024-11-03T06:31:59.999Z 3  54.01325  6.58566 
2024-11-03T07:02:00.000Z 3  54.01346  6.58594 
2024-11-03T07:31:59.999Z 3  54.01350  6.58600 
2024-11-03T08:01:59.999Z 3  54.01351  6.58602 
2024-11-03T08:32:00.000Z 3  54.01347  6.58609 
2024-11-03T09:01:59.999Z 3  54.01345  6.58609 
2024-11-03T09:31:59.999Z 3  54.01346  6.58617 
2024-11-03T10:02:00.000Z 3  54.01345  6.58615 
2024-11-03T10:31:59.999Z 3  54.01346  6.58611 
2024-11-03T11:01:59.999Z 3  54.01350  6.58611 
2024-11-03T11:32:00.000Z 3  54.01354  6.58607 
2024-11-03T12:01:59.999Z 3  54.01364  6.58592 
2024-11-03T12:31:59.999Z 3  54.01379  6.58534 
2024-11-03T13:02:00.000Z 3  54.01370  6.58478 
2024-11-03T13:31:59.999Z 3  54.01365  6.58463 
2024-11-03T14:01:59.999Z 3  54.01356  6.58461 
2024-11-03T14:32:00.000Z 3  54.01351  6.58457 
2024-11-03T15:01:59.999Z 3  54.01349  6.58452 
2024-11-03T15:31:59.999Z 3  54.01349  6.58452 
2024-11-03T16:02:00.000Z 3  54.01347  6.58450 
2024-11-03T16:31:59.999Z 3  54.01347  6.58450 
2024-11-03T17:01:59.999Z 3  54.01343  6.58452 
2024-11-03T17:32:00.000Z 3  54.01346  6.58457 
2024-11-03T18:01:59.999Z 3  54.01337  6.58463 
2024-11-03T18:31:59.999Z 3  54.01325  6.58504 
2024-11-03T19:02:00.000Z 3  54.01332  6.58590 
2024-11-03T19:31:59.999Z 3  54.01345  6.58600 
2024-11-03T20:01:59.999Z 3  54.01346  6.58605 
2024-11-03T20:32:00.000Z 3  54.01348  6.58607 
2024-11-03T21:01:59.999Z 3  54.01346  6.58609 
2024-11-03T21:31:59.999Z 3  54.01342  6.58609 
2024-11-03T22:02:00.000Z 3  54.01341  6.58613 
2024-11-03T22:31:59.999Z 3  54.01340  6.58609 
2024-11-03T23:01:59.999Z 3  54.01341  6.58605 
2024-11-03T23:32:00.000Z 3  54.01342  6.58602 
2024-11-04T00:01:59.999Z 3  54.01345  6.58596 
2024-11-04T00:31:59.999Z 3  54.01349  6.58581 
2024-11-04T01:02:00.000Z 3  54.01363  6.58491 
2024-11-04T01:31:59.999Z 3  54.01355  6.58467 
2024-11-04T02:01:59.999Z 3  54.01351  6.58463 
2024-11-04T02:32:00.000Z 3  54.01349  6.58461 
2024-11-04T03:01:59.999Z 3  54.01347  6.58457 
2024-11-04T03:31:59.999Z 3  54.01348  6.58454 
2024-11-04T04:02:00.000Z 3  54.01348  6.58457 
2024-11-04T04:31:59.999Z 3  54.01347  6.58452 
2024-11-04T05:01:59.999Z 3  54.01350  6.58454 
2024-11-04T05:32:00.000Z 3  54.01349  6.58454 
2024-11-04T06:01:59.999Z 3  54.01346  6.58459 
2024-11-04T06:31:59.999Z 3  54.01336  6.58467 
2024-11-04T07:02:00.000Z 3  54.01323  6.58517 
2024-11-04T07:31:59.999Z 3  54.01339  6.58585 
2024-11-04T08:01:59.999Z 3  54.01349  6.58596 
2024-11-04T08:32:00.000Z 3  54.01353  6.58602 
2024-11-04T09:01:59.999Z 3  54.01353  6.58607 
2024-11-04T09:31:59.999Z 3  54.01349  6.58609 
2024-11-04T10:02:00.000Z 3  54.01350  6.58611 
2024-11-04T10:31:59.999Z 3  54.01350  6.58605 
2024-11-04T11:01:59.999Z 3  54.01345  6.58605 
2024-11-04T11:32:00.000Z 3  54.01343  6.58605 
2024-11-04T12:01:59.999Z 3  54.01341  6.58598 
2024-11-04T12:31:59.999Z 3  54.01342  6.58592 
2024-11-04T13:02:00.000Z 3  54.01339  6.58568 
2024-11-04T13:31:59.999Z 3  54.01360  6.58474 
2024-11-04T14:01:59.999Z 3  54.01355  6.58465 
2024-11-04T14:32:00.000Z 3  54.01354  6.58463 
2024-11-04T15:01:59.999Z 3  54.01354  6.58461 
2024-11-04T15:31:59.999Z 3  54.01353  6.58459 
2024-11-04T16:02:00.000Z 3  54.01352  6.58454 
2024-11-04T16:31:59.999Z 3  54.01353  6.58457 
2024-11-04T17:01:59.999Z 3  54.01351  6.58457 
2024-11-04T17:32:00.000Z 3  54.01353  6.58457 
2024-11-04T18:01:59.999Z 3  54.01350  6.58459 
2024-11-04T18:31:59.999Z 3  54.01346  6.58465 
2024-11-04T19:02:00.000Z 3  54.01336  6.58487 
2024-11-04T19:31:59.999Z 3  54.01332  6.58568 
2024-11-04T20:01:59.999Z 3  54.01347  6.58590 
2024-11-04T20:32:00.000Z 3  54.01351  6.58596 
2024-11-04T21:01:59.999Z 3  54.01352  6.58600 
2024-11-04T21:31:59.999Z 3  54.01350  6.58607 
2024-11-04T22:02:00.000Z 3  54.01350  6.58609 
2024-11-04T22:31:59.999Z 3  54.01347  6.58609 
2024-11-04T23:01:59.999Z 3  54.01346  6.58602 
2024-11-04T23:32:00.000Z 3  54.01347  6.58602 
2024-11-05T00:01:59.999Z 3  54.01349  6.58592 
2024-11-05T00:31:59.999Z 3  54.01347  6.58592 
2024-11-05T01:02:00.000Z 3  54.01364  6.58557 
2024-11-05T01:31:59.999Z 3  54.01366  6.58478 
2024-11-05T02:01:59.999Z 3  54.01358  6.58467 
2024-11-05T02:32:00.000Z 3  54.01356  6.58463 
2024-11-05T03:01:59.999Z 3  54.01357  6.58459 
2024-11-05T03:31:59.999Z 3  54.01357  6.58452 
2024-11-05T04:02:00.000Z 3  54.01353  6.58452 
2024-11-05T04:31:59.999Z 3  54.01354  6.58450 
2024-11-05T05:01:59.999Z 3  54.01352  6.58450 
2024-11-05T05:32:00.000Z 3  54.01351  6.58450 
2024-11-05T06:01:59.999Z 3  54.01348  6.58450 
2024-11-05T06:31:59.999Z 3  54.01348  6.58454 
2024-11-05T07:02:00.000Z 3  54.01337  6.58467 
2024-11-05T07:31:59.999Z 3  54.01328  6.58519 
2024-11-05T08:01:59.999Z 3  54.01340  6.58585 
2024-11-05T08:32:00.000Z 3  54.01348  6.58596 
2024-11-05T09:01:59.999Z 3  54.01349  6.58605 
2024-11-05T09:31:59.999Z 3  54.01350  6.58605 
2024-11-05T10:02:00.000Z 3  54.01352  6.58607 
2024-11-05T10:31:59.999Z 3  54.01351  6.58611 
2024-11-05T11:01:59.999Z 3  54.01348  6.58609 
2024-11-05T11:32:00.000Z 3  54.01347  6.58607 
2024-11-05T12:01:59.999Z 3  54.01342  6.58605 
2024-11-05T12:31:59.999Z 3  54.01340  6.58600 
2024-11-05T13:02:00.000Z 3  54.01343  6.58596 
2024-11-05T13:31:59.999Z 3  54.01338  6.58583 
2024-11-05T14:01:59.999Z 3  54.01351  6.58484 
2024-11-05T14:32:00.000Z 3  54.01354  6.58469 
2024-11-05T15:01:59.999Z 3  54.01354  6.58465 
2024-11-05T15:31:59.999Z 3  54.01355  6.58465 
2024-11-05T16:02:00.000Z 3  54.01353  6.58461 
2024-11-05T16:31:59.999Z 3  54.01354  6.58461 
2024-11-05T17:01:59.999Z 3  54.01351  6.58459 
2024-11-05T17:32:00.000Z 3  54.01352  6.58459 
2024-11-05T18:01:59.999Z 3  54.01351  6.58459 
2024-11-05T18:31:59.999Z 3  54.01346  6.58463 
2024-11-05T19:02:00.000Z 3  54.01342  6.58472 
2024-11-05T19:31:59.999Z 3  54.01330  6.58521 
2024-11-05T20:01:59.999Z 3  54.01339  6.58587 
2024-11-05T20:32:00.000Z 3  54.01347  6.58596 
2024-11-05T21:01:59.999Z 3  54.01351  6.58609 
2024-11-05T21:31:59.999Z 3  54.01351  6.58611 
2024-11-05T22:02:00.000Z 3  54.01348  6.58613 
2024-11-05T22:31:59.999Z 3  54.01347  6.58611 
2024-11-05T23:01:59.999Z 3  54.01346  6.58609 
2024-11-05T23:32:00.000Z 3  54.01342  6.58611 
2024-11-06T00:01:59.999Z 3  54.01342  6.58609 
2024-11-06T00:31:59.999Z 3  54.01342  6.58607 
2024-11-06T01:02:00.000Z 3  54.01343  6.58602 
2024-11-06T01:31:59.999Z 3  54.01351  6.58594 
2024-11-06T02:01:59.999Z 3  54.01357  6.58555 
2024-11-06T02:32:00.000Z 3  54.01366  6.58482 
2024-11-06T03:01:59.999Z 3  54.01356  6.58469 
2024-11-06T03:31:59.999Z 3  54.01353  6.58465 
2024-11-06T04:02:00.000Z 3  54.01351  6.58461 
2024-11-06T04:31:59.999Z 3  54.01348  6.58459 
2024-11-06T05:01:59.999Z 3  54.01354  6.58457 
2024-11-06T05:32:00.000Z 3  54.01351  6.58457 
2024-11-06T06:01:59.999Z 3  54.01350  6.58454 
2024-11-06T06:31:59.999Z 3  54.01352  6.58457 
2024-11-06T07:02:00.000Z 3  54.01347  6.58461 
2024-11-06T07:31:59.999Z 3  54.01341  6.58472 
2024-11-06T08:01:59.999Z 3  54.01337  6.58525 
2024-11-06T08:32:00.000Z 3  54.01346  6.58587 
2024-11-06T09:01:59.999Z 3  54.01350  6.58596 
2024-11-06T09:31:59.999Z 3  54.01354  6.58607 
2024-11-06T10:02:00.000Z 3  54.01354  6.58609 
2024-11-06T10:31:59.999Z 3  54.01352  6.58605 
2024-11-06T11:01:59.999Z 3  54.01347  6.58607 
2024-11-06T11:32:00.000Z 3  54.01342  6.58609 
2024-11-06T12:01:59.999Z 3  54.01340  6.58607 
2024-11-06T12:31:59.999Z 3  54.01342  6.58605 
2024-11-06T13:02:00.000Z 3  54.01345  6.58602 
2024-11-06T13:31:59.999Z 3  54.01347  6.58594 
2024-11-06T14:01:59.999Z 3  54.01352  6.58579 
2024-11-06T14:32:00.000Z 3  54.01364  6.58514 
2024-11-06T15:01:59.999Z 3  54.01362  6.58474 
2024-11-06T15:31:59.999Z 3  54.01355  6.58465 
2024-11-06T16:02:00.000Z 3  54.01350  6.58463 
2024-11-06T16:31:59.999Z 3  54.01348  6.58461 
2024-11-06T17:01:59.999Z 3  54.01346  6.58459 
2024-11-06T17:32:00.000Z 3  54.01354  6.58457 
2024-11-06T18:01:59.999Z 3  54.01352  6.58457 
2024-11-06T18:31:59.999Z 3  54.01354  6.58457 
2024-11-06T19:02:00.000Z 3  54.01351  6.58461 
2024-11-06T19:31:59.999Z 3  54.01346  6.58472 
2024-11-06T20:01:59.999Z 3  54.01348  6.58517 
2024-11-06T20:32:00.000Z 3  54.01341  6.58583 
2024-11-06T21:01:59.999Z 3  54.01350  6.58596 
2024-11-06T21:31:59.999Z 3  54.01350  6.58598 
2024-11-06T22:02:00.000Z 3  54.01350  6.58607 
2024-11-06T22:31:59.999Z 3  54.01347  6.58607 
2024-11-06T23:01:59.999Z 3  54.01343  6.58605 
2024-11-06T23:32:00.000Z 3  54.01341  6.58611 
2024-11-07T00:01:59.999Z 3  54.01343  6.58609 
2024-11-07T00:31:59.999Z 3  54.01346  6.58611 
2024-11-07T01:02:00.000Z 3  54.01348  6.58605 
2024-11-07T01:31:59.999Z 3  54.01356  6.58598 
2024-11-07T02:01:59.999Z 3  54.01368  6.58579 
2024-11-07T02:32:00.000Z 3  54.01374  6.58534 
2024-11-07T03:01:59.999Z 3  54.01367  6.58482 
2024-11-07T03:31:59.999Z 3  54.01360  6.58469 
2024-11-07T04:02:00.000Z 3  54.01354  6.58463 
2024-11-07T04:31:59.999Z 3  54.01350  6.58459 
2024-11-07T05:01:59.999Z 3  54.01348  6.58459 
2024-11-07T05:32:00.000Z 3  54.01345  6.58457 
2024-11-07T06:01:59.999Z 3  54.01350  6.58454 
2024-11-07T06:31:59.999Z 3  54.01353  6.58452 
2024-11-07T07:02:00.000Z 3  54.01353  6.58454 
2024-11-07T07:31:59.999Z 3  54.01352  6.58459 
2024-11-07T08:01:59.999Z 3  54.01352  6.58465 
2024-11-07T08:32:00.000Z 3  54.01368  6.58484 
2024-11-07T09:01:59.999Z 3  54.01361  6.58583 
2024-11-07T09:31:59.999Z 3  54.01355  6.58594 
2024-11-07T10:02:00.000Z 3  54.01355  6.58596 
2024-11-07T10:31:59.999Z 3  54.01354  6.58600 
2024-11-07T11:01:59.999Z 3  54.01349  6.58602 
2024-11-07T11:32:00.000Z 3  54.01347  6.58602 
2024-11-07T12:01:59.999Z 3  54.01343  6.58602 
2024-11-07T12:31:59.999Z 3  54.01342  6.58605 
2024-11-07T13:02:00.000Z 3  54.01342  6.58600 
2024-11-07T13:31:59.999Z 3  54.01345  6.58598 
2024-11-07T14:01:59.999Z 3  54.01346  6.58596 
2024-11-07T14:32:00.000Z 3  54.01350  6.58587 
2024-11-07T15:01:59.999Z 3  54.01367  6.58504 
2024-11-07T15:31:59.999Z 3  54.01358  6.58474 
2024-11-07T16:02:00.000Z 3  54.01351  6.58467 
2024-11-07T16:31:59.999Z 3  54.01347  6.58465 
2024-11-07T17:01:59.999Z 3  54.01345  6.58457 
2024-11-07T17:32:00.000Z 3  54.01343  6.58454 
2024-11-07T18:01:59.999Z 3  54.01350  6.58446 
2024-11-07T18:31:59.999Z 3  54.01350  6.58446 
2024-11-07T19:02:00.000Z 3  54.01351  6.58446 
2024-11-07T19:31:59.999Z 3  54.01350  6.58446 
2024-11-07T20:01:59.999Z 3  54.01349  6.58452 
2024-11-07T20:32:00.000Z 3  54.01348  6.58465 
2024-11-07T21:01:59.999Z 3  54.01358  6.58530 
2024-11-07T21:31:59.999Z 3  54.01347  6.58598 
2024-11-07T22:02:00.000Z 3  54.01351  6.58602 
2024-11-07T22:31:59.999Z 3  54.01351  6.58607 
2024-11-07T23:01:59.999Z 3  54.01350  6.58609 
2024-11-07T23:32:00.000Z 3  54.01346  6.58609 
2024-11-08T00:01:59.999Z 3  54.01343  6.58611 
2024-11-08T00:31:59.999Z 3  54.01343  6.58611 
2024-11-08T01:02:00.000Z 3  54.01345  6.58609 
2024-11-08T01:31:59.999Z 3  54.01346  6.58607 
2024-11-08T02:01:59.999Z 3  54.01347  6.58596 
2024-11-08T02:32:00.000Z 3  54.01352  6.58594 
2024-11-08T03:01:59.999Z 3  54.01364  6.58504 
2024-11-08T03:31:59.999Z 3  54.01364  6.58467 
2024-11-08T04:02:00.000Z 3  54.01357  6.58459 
2024-11-08T04:31:59.999Z 3  54.01353  6.58457 
2024-11-08T05:01:59.999Z 3  54.01350  6.58454 
2024-11-08T05:32:00.000Z 3  54.01350  6.58450 
2024-11-08T06:01:59.999Z 3  54.01351  6.58446 
2024-11-08T06:31:59.999Z 3  54.01351  6.58446 
2024-11-08T07:02:00.000Z 3  54.01353  6.58446 
2024-11-08T07:31:59.999Z 3  54.01352  6.58448 
2024-11-08T08:01:59.999Z 3  54.01354  6.58450 
2024-11-08T08:32:00.000Z 3  54.01353  6.58454 
2024-11-08T09:01:59.999Z 3  54.01346  6.58461 
2024-11-08T09:31:59.999Z 3  54.01364  6.58487 
2024-11-08T10:02:00.000Z 3  54.01352  6.58592 
2024-11-08T10:31:59.999Z 3  54.01354  6.58600 
2024-11-08T11:01:59.999Z 3  54.01355  6.58605 
2024-11-08T11:32:00.000Z 3  54.01355  6.58607 
2024-11-08T12:01:59.999Z 3  54.01353  6.58607 
2024-11-08T12:31:59.999Z 3  54.01346  6.58607 
2024-11-08T13:02:00.000Z 3  54.01343  6.58605 
2024-11-08T13:31:59.999Z 3  54.01341  6.58602 
2024-11-08T14:01:59.999Z 3  54.01342  6.58602 
2024-11-08T14:32:00.000Z 3  54.01346  6.58598 
2024-11-08T15:01:59.999Z 3  54.01362  6.58587 
2024-11-08T15:31:59.999Z 3  54.01384  6.58521 
2024-11-08T16:02:00.000Z 3  54.01367  6.58474 
2024-11-08T16:31:59.999Z 3  54.01361  6.58463 
2024-11-08T17:01:59.999Z 3  54.01355  6.58459 
2024-11-08T17:32:00.000Z 3  54.01354  6.58457 
2024-11-08T18:01:59.999Z 3  54.01357  6.58452 
2024-11-08T18:31:59.999Z 3  54.01356  6.58452 
2024-11-08T19:02:00.000Z 3  54.01353  6.58454 
2024-11-08T19:31:59.999Z 3  54.01352  6.58454 
2024-11-08T20:01:59.999Z 3  54.01351  6.58459 
2024-11-08T20:32:00.000Z 3  54.01352  6.58459 
2024-11-08T21:01:59.999Z 3  54.01350  6.58467 
2024-11-08T21:31:59.999Z 3  54.01358  6.58527 
2024-11-08T22:02:00.000Z 3  54.01345  6.58594 
2024-11-08T22:31:59.999Z 3  54.01347  6.58600 
2024-11-08T23:01:59.999Z 3  54.01349  6.58607 
2024-11-08T23:32:00.000Z 3  54.01349  6.58611 
2024-11-09T00:01:59.999Z 3  54.01347  6.58613 
2024-11-09T00:31:59.999Z 3  54.01348  6.58615 
2024-11-09T01:02:00.000Z 3  54.01346  6.58615 
2024-11-09T01:31:59.999Z 3  54.01346  6.58613 
2024-11-09T02:01:59.999Z 3  54.01346  6.58611 
2024-11-09T02:32:00.000Z 3  54.01349  6.58611 
2024-11-09T03:01:59.999Z 3  54.01353  6.58605 
2024-11-09T03:31:59.999Z 3  54.01362  6.58592 
2024-11-09T04:02:00.000Z 3  54.01385  6.58547 
2024-11-09T04:31:59.999Z 3  54.01383  6.58502 
2024-11-09T05:01:59.999Z 3  54.01376  6.58478 
2024-11-09T05:32:00.000Z 3  54.01365  6.58467 
2024-11-09T06:01:59.999Z 3  54.01358  6.58461 
2024-11-09T06:31:59.999Z 3  54.01356  6.58459 
2024-11-09T07:02:00.000Z 3  54.01352  6.58457 
2024-11-09T07:31:59.999Z 3  54.01350  6.58454 
2024-11-09T08:01:59.999Z 3  54.01348  6.58452 
2024-11-09T08:32:00.000Z 3  54.01349  6.58452 
2024-11-09T09:01:59.999Z 3  54.01352  6.58452 
2024-11-09T09:31:59.999Z 3  54.01347  6.58457 
2024-11-09T10:02:00.000Z 3  54.01351  6.58465 
2024-11-09T10:31:59.999Z 3  54.01353  6.58532 
2024-11-09T11:01:59.999Z 3  54.01346  6.58592 
2024-11-09T11:32:00.000Z 3  54.01350  6.58600 
2024-11-09T12:01:59.999Z 3  54.01346  6.58609 
2024-11-09T12:31:59.999Z 3  54.01348  6.58611 
2024-11-09T13:02:00.000Z 3  54.01345  6.58611 
2024-11-09T13:31:59.999Z 3  54.01346  6.58613 
2024-11-09T14:01:59.999Z 3  54.01346  6.58613 
2024-11-09T14:32:00.000Z 3  54.01347  6.58613 
2024-11-09T15:01:59.999Z 3  54.01351  6.58611 
2024-11-09T15:31:59.999Z 3  54.01353  6.58609 
2024-11-09T16:02:00.000Z 3  54.01360  6.58605 
2024-11-09T16:31:59.999Z 3  54.01375  6.58581 
2024-11-09T17:01:59.999Z 3  54.01389  6.58521 
2024-11-09T17:32:00.000Z 3  54.01379  6.58489 
2024-11-09T18:01:59.999Z 3  54.01370  6.58476 
2024-11-09T18:31:59.999Z 3  54.01362  6.58465 
2024-11-09T19:02:00.000Z 3  54.01355  6.58459 
2024-11-09T19:31:59.999Z 3  54.01353  6.58457 
2024-11-09T20:01:59.999Z 3  54.01350  6.58457 
2024-11-09T20:32:00.000Z 3  54.01349  6.58457 
2024-11-09T21:01:59.999Z 3  54.01346  6.58459 
2024-11-09T21:31:59.999Z 3  54.01345  6.58463 
2024-11-09T22:02:00.000Z 3  54.01346  6.58474 
2024-11-09T22:31:59.999Z 3  54.01341  6.58560 
2024-11-09T23:01:59.999Z 3  54.01342  6.58596 
2024-11-09T23:32:00.000Z 3  54.01347  6.58607 
2024-11-10T00:01:59.999Z 3  54.01348  6.58611 
2024-11-10T00:31:59.999Z 3  54.01349  6.58613 
2024-11-10T01:02:00.000Z 3  54.01348  6.58613 
2024-11-10T01:31:59.999Z 3  54.01352  6.58615 
2024-11-10T02:01:59.999Z 3  54.01348  6.58615 
2024-11-10T02:32:00.000Z 3  54.01346  6.58615 
2024-11-10T03:01:59.999Z 3  54.01348  6.58613 
2024-11-10T03:31:59.999Z 3  54.01350  6.58611 
2024-11-10T04:02:00.000Z 3  54.01351  6.58607 
2024-11-10T04:31:59.999Z 3  54.01356  6.58605 
2024-11-10T05:01:59.999Z 3  54.01368  6.58594 
2024-11-10T05:32:00.000Z 3  54.01383  6.58555 
2024-11-10T06:01:59.999Z 3  54.01383  6.58506 
2024-11-10T06:31:59.999Z 3  54.01374  6.58480 
2024-11-10T07:02:00.000Z 3  54.01366  6.58469 
2024-11-10T07:31:59.999Z 3  54.01360  6.58461 
2024-11-10T08:01:59.999Z 3  54.01356  6.58459 
2024-11-10T08:32:00.000Z 3  54.01353  6.58457 
2024-11-10T09:01:59.999Z 3  54.01354  6.58459 
2024-11-10T09:31:59.999Z 3  54.01351  6.58459 
2024-11-10T10:02:00.000Z 3  54.01349  6.58461 
2024-11-10T10:31:59.999Z 3  54.01349  6.58465 
2024-11-10T11:01:59.999Z 3  54.01354  6.58484 
2024-11-10T11:32:00.000Z 3  54.01346  6.58566 
2024-11-10T12:01:59.999Z 3  54.01343  6.58600 
2024-11-10T12:31:59.999Z 3  54.01348  6.58605 
2024-11-10T13:02:00.000Z 3  54.01347  6.58607 
2024-11-10T13:31:59.999Z 3  54.01346  6.58611 
2024-11-10T14:01:59.999Z 3  54.01343  6.58613 
2024-11-10T14:32:00.000Z 3  54.01341  6.58613 
2024-11-10T15:01:59.999Z 3  54.01340  6.58615 
2024-11-10T15:31:59.999Z 3  54.01340  6.58613 
2024-11-10T16:02:00.000Z 3  54.01343  6.58613 
2024-11-10T16:31:59.999Z 3  54.01346  6.58613 
2024-11-10T17:01:59.999Z 3  54.01348  6.58609 
2024-11-10T17:32:00.000Z 3  54.01354  6.58602 
2024-11-10T18:01:59.999Z 3  54.01357  6.58596 
2024-11-10T18:31:59.999Z 3  54.01371  6.58566 
2024-11-10T19:02:00.000Z 3  54.01371  6.58514 
2024-11-10T19:31:59.999Z 3  54.01361  6.58480 
2024-11-10T20:01:59.999Z 3  54.01349  6.58465 
2024-11-10T20:32:00.000Z 3  54.01343  6.58461 
2024-11-10T21:01:59.999Z 3  54.01342  6.58461 
2024-11-10T21:31:59.999Z 3  54.01339  6.58461 
2024-11-10T22:02:00.000Z 3  54.01336  6.58463 
2024-11-10T22:31:59.999Z 3  54.01335  6.58467 
2024-11-10T23:01:59.999Z 3  54.01330  6.58474 
2024-11-10T23:32:00.000Z 3  54.01317  6.58525 
2024-11-11T00:01:59.999Z 3  54.01326  6.58585 
2024-11-11T00:31:59.999Z 3  54.01334  6.58602 
2024-11-11T01:02:00.000Z 3  54.01340  6.58609 
2024-11-11T01:31:59.999Z 3  54.01343  6.58611 
2024-11-11T02:01:59.999Z 3  54.01342  6.58615 
2024-11-11T02:32:00.000Z 3  54.01345  6.58615 
2024-11-11T03:01:59.999Z 3  54.01346  6.58617 
2024-11-11T03:31:59.999Z 3  54.01345  6.58617 
2024-11-11T04:02:00.000Z 3  54.01348  6.58617 
2024-11-11T04:31:59.999Z 3  54.01349  6.58617 
2024-11-11T05:01:59.999Z 3  54.01352  6.58613 
2024-11-11T05:32:00.000Z 3  54.01360  6.58607 
2024-11-11T06:01:59.999Z 3  54.01369  6.58596 
2024-11-11T06:31:59.999Z 3  54.01379  6.58568 
2024-11-11T07:02:00.000Z 3  54.01383  6.58547 
2024-11-11T07:31:59.999Z 3  54.01382  6.58510 
2024-11-11T08:01:59.999Z 3  54.01380  6.58495 
2024-11-11T08:32:00.000Z 3  54.01369  6.58480 
2024-11-11T09:01:59.999Z 3  54.01360  6.58474 
2024-11-11T09:31:59.999Z 3  54.01347  6.58465 
2024-11-11T10:02:00.000Z 3  54.01337  6.58463 
2024-11-11T10:31:59.999Z 3  54.01333  6.58472 
2024-11-11T11:01:59.999Z 3  54.01321  6.58484 
2024-11-11T11:32:00.000Z 3  54.01318  6.58495 
2024-11-11T12:01:59.999Z 3  54.01312  6.58506 
2024-11-11T12:31:59.999Z 3  54.01305  6.58536 
2024-11-11T13:02:00.000Z 3  54.01308  6.58564 
2024-11-11T13:31:59.999Z 3  54.01318  6.58596 
2024-11-11T14:01:59.999Z 3  54.01326  6.58605 
2024-11-11T14:32:00.000Z 3  54.01333  6.58609 
2024-11-11T15:01:59.999Z 3  54.01339  6.58611 
2024-11-11T15:31:59.999Z 3  54.01339  6.58613 
2024-11-11T16:02:00.000Z 3  54.01342  6.58613 
2024-11-11T16:31:59.999Z 3  54.01341  6.58611 
2024-11-11T17:01:59.999Z 3  54.01345  6.58607 
2024-11-11T17:32:00.000Z 3  54.01345  6.58602 
2024-11-11T18:01:59.999Z 3  54.01341  6.58598 
2024-11-11T18:31:59.999Z 3  54.01337  6.58581 
2024-11-11T19:02:00.000Z 3  54.01318  6.58549 
2024-11-11T19:31:59.999Z 3  54.01327  6.58463 
2024-11-11T20:01:59.999Z 3  54.01347  6.58457 
2024-11-11T20:32:00.000Z 3  54.01351  6.58450 
2024-11-11T21:01:59.999Z 3  54.01348  6.58448 
2024-11-11T21:31:59.999Z 3  54.01347  6.58444 
2024-11-11T22:02:00.000Z 3  54.01347  6.58444 
2024-11-11T22:31:59.999Z 3  54.01340  6.58446 
2024-11-11T23:01:59.999Z 3  54.01339  6.58448 
2024-11-11T23:32:00.000Z 3  54.01336  6.58452 
2024-11-12T00:01:59.999Z 3  54.01337  6.58452 
2024-11-12T00:31:59.999Z 3  54.01332  6.58457 
2024-11-12T01:02:00.000Z 3  54.01324  6.58469 
2024-11-12T01:31:59.999Z 3  54.01316  6.58484 
2024-11-12T02:01:59.999Z 3  54.01306  6.58538 
2024-11-12T02:32:00.000Z 3  54.01324  6.58592 
2024-11-12T03:01:59.999Z 3  54.01332  6.58602 
2024-11-12T03:31:59.999Z 3  54.01339  6.58605 
2024-11-12T04:02:00.000Z 3  54.01340  6.58609 
2024-11-12T04:31:59.999Z 3  54.01347  6.58609 
2024-11-12T05:01:59.999Z 3  54.01347  6.58611 
2024-11-12T05:32:00.000Z 3  54.01352  6.58609 
2024-11-12T06:01:59.999Z 3  54.01356  6.58609 
2024-11-12T06:31:59.999Z 3  54.01364  6.58598 
2024-11-12T07:02:00.000Z 3  54.01369  6.58585 
2024-11-12T07:31:59.999Z 3  54.01386  6.58530 
2024-11-12T08:01:59.999Z 3  54.01377  6.58484 
2024-11-12T08:32:00.000Z 3  54.01367  6.58465 
2024-11-12T09:01:59.999Z 3  54.01362  6.58457 
2024-11-12T09:31:59.999Z 3  54.01358  6.58454 
2024-11-12T10:02:00.000Z 3  54.01355  6.58450 
2024-11-12T10:31:59.999Z 3  54.01352  6.58448 
2024-11-12T11:01:59.999Z 3  54.01347  6.58448 
2024-11-12T11:32:00.000Z 3  54.01341  6.58450 
2024-11-12T12:01:59.999Z 3  54.01340  6.58452 
2024-11-12T12:31:59.999Z 3  54.01339  6.58452 
2024-11-12T13:02:00.000Z 3  54.01334  6.58452 
2024-11-12T13:31:59.999Z 3  54.01325  6.58461 
2024-11-12T14:01:59.999Z 3  54.01323  6.58467 
2024-11-12T14:32:00.000Z 3  54.01310  6.58502 
2024-11-12T15:01:59.999Z 3  54.01309  6.58562 
2024-11-12T15:31:59.999Z 3  54.01327  6.58600 
2024-11-12T16:02:00.000Z 3  54.01336  6.58609 
2024-11-12T16:31:59.999Z 3  54.01336  6.58611 
2024-11-12T17:01:59.999Z 3  54.01337  6.58613 
2024-11-12T17:32:00.000Z 3  54.01339  6.58613 
2024-11-12T18:01:59.999Z 3  54.01339  6.58613 
2024-11-12T18:31:59.999Z 3  54.01343  6.58613 
2024-11-12T19:02:00.000Z 3  54.01346  6.58611 
2024-11-12T19:31:59.999Z 3  54.01347  6.58605 
2024-11-12T20:01:59.999Z 3  54.01349  6.58596 
2024-11-12T20:32:00.000Z 3  54.01358  6.58525 
2024-11-12T21:01:59.999Z 3  54.01362  6.58472 
2024-11-12T21:31:59.999Z 3  54.01354  6.58463 
2024-11-12T22:02:00.000Z 3  54.01350  6.58454 
2024-11-12T22:31:59.999Z 3  54.01343  6.58452 
2024-11-12T23:01:59.999Z 3  54.01345  6.58450 
2024-11-12T23:32:00.000Z 3  54.01341  6.58450 
2024-11-13T00:01:59.999Z 3  54.01337  6.58450 
2024-11-13T00:31:59.999Z 3  54.01337  6.58454 
2024-11-13T01:02:00.000Z 3  54.01336  6.58457 
2024-11-13T01:31:59.999Z 3  54.01332  6.58459 
2024-11-13T02:01:59.999Z 3  54.01333  6.58461 
2024-11-13T02:32:00.000Z 3  54.01319  6.58487 
2024-11-13T03:01:59.999Z 3  54.01310  6.58553 
2024-11-13T03:31:59.999Z 3  54.01334  6.58600 
2024-11-13T04:02:00.000Z 3  54.01338  6.58609 
2024-11-13T04:31:59.999Z 3  54.01340  6.58613 
2024-11-13T05:01:59.999Z 3  54.01339  6.58617 
2024-11-13T05:32:00.000Z 3  54.01339  6.58622 
2024-11-13T06:01:59.999Z 3  54.01340  6.58620 
2024-11-13T06:31:59.999Z 3  54.01343  6.58615 
2024-11-13T07:02:00.000Z 3  54.01347  6.58611 
2024-11-13T07:31:59.999Z 3  54.01348  6.58609 
2024-11-13T08:01:59.999Z 3  54.01357  6.58598 
2024-11-13T08:32:00.000Z 3  54.01364  6.58587 
2024-11-13T09:01:59.999Z 3  54.01380  6.58497 
2024-11-13T09:31:59.999Z 3  54.01368  6.58472 
2024-11-13T10:02:00.000Z 3  54.01362  6.58461 
2024-11-13T10:31:59.999Z 3  54.01357  6.58457 
2024-11-13T11:01:59.999Z 3  54.01354  6.58452 
2024-11-13T11:32:00.000Z 3  54.01348  6.58450 
2024-11-13T12:01:59.999Z 3  54.01343  6.58450 
2024-11-13T12:31:59.999Z 3  54.01341  6.58450 
2024-11-13T13:02:00.000Z 3  54.01339  6.58454 
2024-11-13T13:31:59.999Z 3  54.01338  6.58454 
2024-11-13T14:01:59.999Z 3  54.01337  6.58457 
2024-11-13T14:32:00.000Z 3  54.01332  6.58463 
2024-11-13T15:01:59.999Z 3  54.01320  6.58482 
2024-11-13T15:31:59.999Z 3  54.01308  6.58551 
2024-11-13T16:02:00.000Z 3  54.01325  6.58598 
2024-11-13T16:31:59.999Z 3  54.01336  6.58611 
2024-11-13T17:01:59.999Z 3  54.01337  6.58611 
2024-11-13T17:32:00.000Z 3  54.01338  6.58613 
2024-11-13T18:01:59.999Z 3  54.01339  6.58615 
2024-11-13T18:31:59.999Z 3  54.01336  6.58617 
2024-11-13T19:02:00.000Z 3  54.01337  6.58615 
2024-11-13T19:31:59.999Z 3  54.01337  6.58611 
2024-11-13T20:01:59.999Z 3  54.01336  6.58607 
2024-11-13T20:32:00.000Z 3  54.01335  6.58602 
2024-11-13T21:01:59.999Z 3  54.01325  6.58590 
2024-11-13T21:31:59.999Z 3  54.01314  6.58542 
2024-11-13T22:02:00.000Z 3  54.01336  6.58465 
2024-11-13T22:31:59.999Z 3  54.01343  6.58457 
2024-11-13T23:01:59.999Z 3  54.01345  6.58454 
2024-11-13T23:32:00.000Z 3  54.01346  6.58450 
2024-11-14T00:01:59.999Z 3  54.01345  6.58450 
2024-11-14T00:31:59.999Z 3  54.01340  6.58450 
2024-11-14T01:02:00.000Z 3  54.01341  6.58448 
2024-11-14T01:31:59.999Z 3  54.01342  6.58448 
2024-11-14T02:01:59.999Z 3  54.01340  6.58448 
2024-11-14T02:32:00.000Z 3  54.01335  6.58452 
2024-11-14T03:01:59.999Z 3  54.01323  6.58469 
2024-11-14T03:31:59.999Z 3  54.01306  6.58514 
2024-11-14T04:02:00.000Z 3  54.01320  6.58587 
2024-11-14T04:31:59.999Z 3  54.01335  6.58607 
2024-11-14T05:01:59.999Z 3  54.01337  6.58611 
2024-11-14T05:32:00.000Z 3  54.01340  6.58615 
2024-11-14T06:01:59.999Z 3  54.01342  6.58615 
2024-11-14T06:31:59.999Z 3  54.01341  6.58615 
2024-11-14T07:02:00.000Z 3  54.01343  6.58613 
2024-11-14T07:31:59.999Z 3  54.01345  6.58613 
2024-11-14T08:01:59.999Z 3  54.01342  6.58609 
2024-11-14T08:32:00.000Z 3  54.01341  6.58607 
2024-11-14T09:01:59.999Z 3  54.01338  6.58600 
2024-11-14T09:31:59.999Z 3  54.01326  6.58590 
2024-11-14T10:02:00.000Z 3  54.01320  6.58510 
2024-11-14T10:31:59.999Z 3  54.01351  6.58461 
2024-11-14T11:01:59.999Z 3  54.01354  6.58452 
2024-11-14T11:32:00.000Z 3  54.01357  6.58450 
2024-11-14T12:01:59.999Z 3  54.01353  6.58448 
2024-11-14T12:31:59.999Z 3  54.01350  6.58446 
2024-11-14T13:02:00.000Z 3  54.01347  6.58439 
2024-11-14T13:31:59.999Z 3  54.01347  6.58439 
2024-11-14T14:01:59.999Z 3  54.01346  6.58442 
2024-11-14T14:32:00.000Z 3  54.01342  6.58446 
2024-11-14T15:01:59.999Z 3  54.01336  6.58454 
2024-11-14T15:31:59.999Z 3  54.01327  6.58461 
2024-11-14T16:02:00.000Z 3  54.01316  6.58484 
2024-11-14T16:31:59.999Z 3  54.01307  6.58564 
2024-11-14T17:01:59.999Z 3  54.01332  6.58602 
2024-11-14T17:32:00.000Z 3  54.01340  6.58611 
2024-11-14T18:01:59.999Z 3  54.01342  6.58613 
2024-11-14T18:31:59.999Z 3  54.01340  6.58613 
2024-11-14T19:02:00.000Z 3  54.01342  6.58613 
2024-11-14T19:31:59.999Z 3  54.01341  6.58611 
2024-11-14T20:01:59.999Z 3  54.01342  6.58611 
2024-11-14T20:32:00.000Z 3  54.01342  6.58607 
2024-11-14T21:01:59.999Z 3  54.01340  6.58605 
2024-11-14T21:31:59.999Z 3  54.01335  6.58596 
2024-11-14T22:02:00.000Z 3  54.01330  6.58577 
2024-11-14T22:31:59.999Z 3  54.01347  6.58463 
2024-11-14T23:01:59.999Z 3  54.01360  6.58457 
2024-11-14T23:32:00.000Z 3  54.01358  6.58452 
2024-11-15T00:01:59.999Z 3  54.01354  6.58448 
2024-11-15T00:31:59.999Z 3  54.01353  6.58446 
2024-11-15T01:02:00.000Z 3  54.01352  6.58446 
2024-11-15T01:31:59.999Z 3  54.01351  6.58439 
2024-11-15T02:01:59.999Z 3  54.01348  6.58442 
2024-11-15T02:32:00.000Z 3  54.01348  6.58442 
2024-11-15T03:01:59.999Z 3  54.01346  6.58444 
2024-11-15T03:31:59.999Z 3  54.01339  6.58452 
2024-11-15T04:02:00.000Z 3  54.01328  6.58463 
2024-11-15T04:31:59.999Z 3  54.01310  6.58525 
2024-11-15T05:01:59.999Z 3  54.01327  6.58594 
2024-11-15T05:32:00.000Z 3  54.01340  6.58607 
2024-11-15T06:01:59.999Z 3  54.01346  6.58615 
2024-11-15T06:31:59.999Z 3  54.01345  6.58617 
2024-11-15T07:02:00.000Z 3  54.01345  6.58617 
2024-11-15T07:31:59.999Z 3  54.01347  6.58620 
2024-11-15T08:01:59.999Z 3  54.01346  6.58620 
2024-11-15T08:32:00.000Z 3  54.01348  6.58615 
2024-11-15T09:01:59.999Z 3  54.01349  6.58611 
2024-11-15T09:31:59.999Z 3  54.01350  6.58607 
2024-11-15T10:02:00.000Z 3  54.01357  6.58602 
2024-11-15T10:31:59.999Z 3  54.01368  6.58587 
2024-11-15T11:01:59.999Z 3  54.01380  6.58497 
2024-11-15T11:32:00.000Z 3  54.01366  6.58469 
2024-11-15T12:01:59.999Z 3  54.01362  6.58457 
2024-11-15T12:31:59.999Z 3  54.01358  6.58452 
2024-11-15T13:02:00.000Z 3  54.01354  6.58448 
2024-11-15T13:31:59.999Z 3  54.01354  6.58446 
2024-11-15T14:01:59.999Z 3  54.01351  6.58444 
2024-11-15T14:32:00.000Z 3  54.01349  6.58446 
2024-11-15T15:01:59.999Z 3  54.01347  6.58442 
2024-11-15T15:31:59.999Z 3  54.01345  6.58448 
2024-11-15T16:02:00.000Z 3  54.01342  6.58452 
2024-11-15T16:31:59.999Z 3  54.01331  6.58472 
2024-11-15T17:01:59.999Z 3  54.01316  6.58549 
2024-11-15T17:32:00.000Z 3  54.01340  6.58605 
2024-11-15T18:01:59.999Z 3  54.01348  6.58611 
2024-11-15T18:31:59.999Z 3  54.01347  6.58615 
2024-11-15T19:02:00.000Z 3  54.01348  6.58617 
2024-11-15T19:31:59.999Z 3  54.01346  6.58620 
2024-11-15T20:01:59.999Z 3  54.01347  6.58620 
2024-11-15T20:32:00.000Z 3  54.01349  6.58613 
2024-11-15T21:01:59.999Z 3  54.01348  6.58615 
2024-11-15T21:31:59.999Z 3  54.01350  6.58611 
2024-11-15T22:02:00.000Z 3  54.01355  6.58607 
2024-11-15T22:31:59.999Z 3  54.01362  6.58600 
2024-11-15T23:01:59.999Z 3  54.01377  6.58583 
2024-11-15T23:32:00.000Z 3  54.01387  6.58549 
2024-11-16T00:01:59.999Z 3  54.01384  6.58502 
2024-11-16T00:31:59.999Z 3  54.01371  6.58472 
2024-11-16T01:02:00.000Z 3  54.01362  6.58463 
2024-11-16T01:31:59.999Z 3  54.01355  6.58457 
2024-11-16T02:01:59.999Z 3  54.01353  6.58450 
2024-11-16T02:32:00.000Z 3  54.01352  6.58454 
2024-11-16T03:01:59.999Z 3  54.01351  6.58444 
2024-11-16T03:31:59.999Z 3  54.01350  6.58446 
2024-11-16T04:02:00.000Z 3  54.01349  6.58452 
2024-11-16T04:31:59.999Z 3  54.01339  6.58465 
2024-11-16T05:01:59.999Z 3  54.01319  6.58555 
2024-11-16T05:32:00.000Z 3  54.01338  6.58609 
2024-11-16T06:01:59.999Z 3  54.01345  6.58613 
2024-11-16T06:31:59.999Z 3  54.01347  6.58615 
2024-11-16T07:02:00.000Z 3  54.01348  6.58622 
2024-11-16T07:31:59.999Z 3  54.01349  6.58622 
2024-11-16T08:01:59.999Z 3  54.01346  6.58620 
2024-11-16T08:32:00.000Z 3  54.01350  6.58622 
2024-11-16T09:01:59.999Z 3  54.01351  6.58620 
2024-11-16T09:31:59.999Z 3  54.01351  6.58615 
2024-11-16T10:02:00.000Z 3  54.01354  6.58611 
2024-11-16T10:31:59.999Z 3  54.01357  6.58609 
2024-11-16T11:01:59.999Z 3  54.01366  6.58598 
2024-11-16T11:32:00.000Z 3  54.01376  6.58587 
2024-11-16T12:01:59.999Z 3  54.01387  6.58551 
2024-11-16T12:31:59.999Z 3  54.01382  6.58499 
2024-11-16T13:02:00.000Z 3  54.01372  6.58478 
2024-11-16T13:31:59.999Z 3  54.01364  6.58465 
2024-11-16T14:01:59.999Z 3  54.01355  6.58454 
2024-11-16T14:32:00.000Z 3  54.01348  6.58452 
2024-11-16T15:01:59.999Z 3  54.01347  6.58452 
2024-11-16T15:31:59.999Z 3  54.01346  6.58450 
2024-11-16T16:02:00.000Z 3  54.01342  6.58452 
2024-11-16T16:31:59.999Z 3  54.01341  6.58461 
2024-11-16T17:01:59.999Z 3  54.01336  6.58472 
2024-11-16T17:32:00.000Z 3  54.01318  6.58570 
2024-11-16T18:01:59.999Z 3  54.01338  6.58607 
2024-11-16T18:31:59.999Z 3  54.01339  6.58611 
2024-11-16T19:02:00.000Z 3  54.01342  6.58615 
2024-11-16T19:31:59.999Z 3  54.01346  6.58615 
2024-11-16T20:01:59.999Z 3  54.01341  6.58620 
2024-11-16T20:32:00.000Z 3  54.01345  6.58620 
2024-11-16T21:01:59.999Z 3  54.01340  6.58622 
2024-11-16T21:31:59.999Z 3  54.01340  6.58617 
2024-11-16T22:02:00.000Z 3  54.01342  6.58613 
2024-11-16T22:31:59.999Z 3  54.01346  6.58609 
2024-11-16T23:01:59.999Z 3  54.01351  6.58605 
2024-11-16T23:32:00.000Z 3  54.01358  6.58600 
2024-11-17T00:01:59.999Z 3  54.01376  6.58579 
2024-11-17T00:31:59.999Z 3  54.01368  6.58474 
2024-11-17T01:02:00.000Z 3  54.01362  6.58465 
2024-11-17T01:31:59.999Z 3  54.01356  6.58459 
2024-11-17T02:01:59.999Z 3  54.01351  6.58452 
2024-11-17T02:32:00.000Z 3  54.01347  6.58450 
2024-11-17T03:01:59.999Z 3  54.01347  6.58450 
2024-11-17T03:31:59.999Z 3  54.01345  6.58450 
2024-11-17T04:02:00.000Z 3  54.01346  6.58448 
2024-11-17T04:31:59.999Z 3  54.01346  6.58454 
2024-11-17T05:01:59.999Z 3  54.01337  6.58463 
2024-11-17T05:32:00.000Z 3  54.01318  6.58487 
2024-11-17T06:01:59.999Z 3  54.01313  6.58579 
2024-11-17T06:31:59.999Z 3  54.01335  6.58607 
2024-11-17T07:02:00.000Z 3  54.01341  6.58611 
2024-11-17T07:31:59.999Z 3  54.01341  6.58617 
2024-11-17T08:01:59.999Z 3  54.01340  6.58622 
2024-11-17T08:32:00.000Z 3  54.01345  6.58624 
2024-11-17T09:01:59.999Z 3  54.01343  6.58624 
2024-11-17T09:31:59.999Z 3  54.01345  6.58622 
2024-11-17T10:02:00.000Z 3  54.01339  6.58624 
2024-11-17T10:31:59.999Z 3  54.01350  6.58613 
2024-11-17T11:01:59.999Z 3  54.01348  6.58609 
2024-11-17T11:32:00.000Z 3  54.01350  6.58607 
2024-11-17T12:01:59.999Z 3  54.01358  6.58596 
2024-11-17T12:31:59.999Z 3  54.01368  6.58583 
2024-11-17T13:02:00.000Z 3  54.01370  6.58484 
2024-11-17T13:31:59.999Z 3  54.01361  6.58467 
2024-11-17T14:01:59.999Z 3  54.01357  6.58463 
2024-11-17T14:32:00.000Z 3  54.01354  6.58457 
2024-11-17T15:01:59.999Z 3  54.01346  6.58454 
2024-11-17T15:31:59.999Z 3  54.01348  6.58450 
2024-11-17T16:02:00.000Z 3  54.01343  6.58450 
2024-11-17T16:31:59.999Z 3  54.01346  6.58452 
2024-11-17T17:01:59.999Z 3  54.01346  6.58450 
2024-11-17T17:32:00.000Z 3  54.01327  6.58472 
2024-11-17T18:01:59.999Z 3  54.01310  6.58495 
2024-11-17T18:31:59.999Z 3  54.01314  6.58575 
2024-11-17T19:02:00.000Z 3  54.01332  6.58600 
2024-11-17T19:31:59.999Z 3  54.01341  6.58609 
2024-11-17T20:01:59.999Z 3  54.01340  6.58613 
2024-11-17T20:32:00.000Z 3  54.01342  6.58615 
2024-11-17T21:01:59.999Z 3  54.01338  6.58620 
2024-11-17T21:31:59.999Z 3  54.01342  6.58617 
2024-11-17T22:02:00.000Z 3  54.01343  6.58615 
2024-11-17T22:31:59.999Z 3  54.01343  6.58613 
2024-11-17T23:01:59.999Z 3  54.01350  6.58611 
2024-11-17T23:32:00.000Z 3  54.01352  6.58607 
2024-11-18T00:01:59.999Z 3  54.01360  6.58598 
2024-11-18T00:31:59.999Z 3  54.01348  6.58594 
2024-11-18T01:02:00.000Z 3  54.01370  6.58521 
2024-11-18T01:31:59.999Z 3  54.01362  6.58465 
2024-11-18T02:01:59.999Z 3  54.01360  6.58459 
2024-11-18T02:32:00.000Z 3  54.01356  6.58457 
2024-11-18T03:01:59.999Z 3  54.01350  6.58452 
2024-11-18T03:31:59.999Z 3  54.01348  6.58448 
2024-11-18T04:02:00.000Z 3  54.01347  6.58448 
2024-11-18T04:31:59.999Z 3  54.01345  6.58450 
2024-11-18T05:01:59.999Z 3  54.01347  6.58439 
2024-11-18T05:32:00.000Z 3  54.01347  6.58442 
2024-11-18T06:01:59.999Z 3  54.01333  6.58454 
2024-11-18T06:31:59.999Z 3  54.01306  6.58504 
2024-11-18T07:02:00.000Z 3  54.01314  6.58594 
2024-11-18T07:31:59.999Z 3  54.01336  6.58611 
2024-11-18T08:01:59.999Z 3  54.01343  6.58617 
2024-11-18T08:32:00.000Z 3  54.01341  6.58622 
2024-11-18T09:01:59.999Z 3  54.01342  6.58624 
2024-11-18T09:31:59.999Z 3  54.01339  6.58626 
2024-11-18T10:02:00.000Z 3  54.01347  6.58622 
2024-11-18T10:31:59.999Z 3  54.01347  6.58622 
2024-11-18T11:01:59.999Z 3  54.01345  6.58622 
2024-11-18T11:32:00.000Z 3  54.01351  6.58617 
2024-11-18T12:01:59.999Z 3  54.01352  6.58611 
2024-11-18T12:31:59.999Z 3  54.01351  6.58607 
2024-11-18T13:02:00.000Z 3  54.01362  6.58596 
2024-11-18T13:31:59.999Z 3  54.01376  6.58478 
2024-11-18T14:01:59.999Z 3  54.01367  6.58461 
2024-11-18T14:32:00.000Z 3  54.01363  6.58454 
2024-11-18T15:01:59.999Z 3  54.01356  6.58450 
2024-11-18T15:31:59.999Z 3  54.01350  6.58446 
2024-11-18T16:02:00.000Z 3  54.01348  6.58439 
2024-11-18T16:31:59.999Z 3  54.01346  6.58439 
2024-11-18T17:01:59.999Z 3  54.01346  6.58439 
2024-11-18T17:32:00.000Z 3  54.01347  6.58437 
2024-11-18T18:01:59.999Z 3  54.01347  6.58442 
2024-11-18T18:31:59.999Z 3  54.01334  6.58452 
2024-11-18T19:02:00.000Z 3  54.01313  6.58512 
2024-11-18T19:31:59.999Z 3  54.01332  6.58605 
2024-11-18T20:01:59.999Z 3  54.01345  6.58613 
2024-11-18T20:32:00.000Z 3  54.01348  6.58615 
2024-11-18T21:01:59.999Z 3  54.01348  6.58620 
2024-11-18T21:31:59.999Z 3  54.01347  6.58624 
2024-11-18T22:02:00.000Z 3  54.01348  6.58624 
2024-11-18T22:31:59.999Z 3  54.01348  6.58622 
2024-11-18T23:01:59.999Z 3  54.01349  6.58620 
2024-11-18T23:32:00.000Z 3  54.01350  6.58620 
2024-11-19T00:01:59.999Z 3  54.01355  6.58613 
2024-11-19T00:31:59.999Z 3  54.01363  6.58602 
2024-11-19T01:02:00.000Z 3  54.01389  6.58555 
2024-11-19T01:31:59.999Z 3  54.01382  6.58482 
2024-11-19T02:01:59.999Z 3  54.01372  6.58461 
2024-11-19T02:32:00.000Z 3  54.01363  6.58452 
2024-11-19T03:01:59.999Z 3  54.01356  6.58446 
2024-11-19T03:31:59.999Z 3  54.01354  6.58444 
2024-11-19T04:02:00.000Z 3  54.01351  6.58442 
2024-11-19T04:31:59.999Z 3  54.01348  6.58442 
2024-11-19T05:01:59.999Z 3  54.01348  6.58442 
2024-11-19T05:32:00.000Z 3  54.01345  6.58442 
2024-11-19T06:01:59.999Z 3  54.01343  6.58444 
2024-11-19T06:31:59.999Z 3  54.01339  6.58446 
2024-11-19T07:02:00.000Z 3  54.01331  6.58461 
2024-11-19T07:31:59.999Z 3  54.01313  6.58506 
2024-11-19T08:01:59.999Z 3  54.01328  6.58600 
2024-11-19T08:32:00.000Z 3  54.01346  6.58611 
2024-11-19T09:01:59.999Z 3  54.01347  6.58620 
2024-11-19T09:31:59.999Z 3  54.01347  6.58624 
2024-11-19T10:02:00.000Z 3  54.01346  6.58626 
2024-11-19T10:31:59.999Z 3  54.01345  6.58628 
2024-11-19T11:01:59.999Z 3  54.01346  6.58630 
2024-11-19T11:32:00.000Z 3  54.01345  6.58626 
2024-11-19T12:01:59.999Z 3  54.01345  6.58624 
2024-11-19T12:31:59.999Z 3  54.01348  6.58617 
2024-11-19T13:02:00.000Z 3  54.01351  6.58609 
2024-11-19T13:31:59.999Z 3  54.01346  6.58602 
2024-11-19T14:01:59.999Z 3  54.01350  6.58581 
2024-11-19T14:32:00.000Z 3  54.01372  6.58487 
2024-11-19T15:01:59.999Z 3  54.01358  6.58461 
2024-11-19T15:31:59.999Z 3  54.01351  6.58452 
2024-11-19T16:02:00.000Z 3  54.01349  6.58452 
2024-11-19T16:31:59.999Z 3  54.01347  6.58448 
2024-11-19T17:01:59.999Z 3  54.01343  6.58446 
2024-11-19T17:32:00.000Z 3  54.01341  6.58446 
2024-11-19T18:01:59.999Z 3  54.01335  6.58450 
2024-11-19T18:31:59.999Z 3  54.01331  6.58457 
2024-11-19T19:02:00.000Z 3  54.01314  6.58482 
2024-11-19T19:31:59.999Z 3  54.01307  6.58560 
2024-11-19T20:01:59.999Z 3  54.01331  6.58605 
2024-11-19T20:32:00.000Z 3  54.01338  6.58617 
2024-11-19T21:01:59.999Z 3  54.01341  6.58622 
2024-11-19T21:31:59.999Z 3  54.01345  6.58624 
2024-11-19T22:02:00.000Z 3  54.01345  6.58626 
2024-11-19T22:31:59.999Z 3  54.01345  6.58626 
2024-11-19T23:01:59.999Z 3  54.01349  6.58624 
2024-11-19T23:32:00.000Z 3  54.01354  6.58622 
2024-11-20T00:01:59.999Z 3  54.01353  6.58620 
2024-11-20T00:31:59.999Z 3  54.01358  6.58613 
2024-11-20T01:02:00.000Z 3  54.01360  6.58605 
2024-11-20T01:31:59.999Z 3  54.01368  6.58592 
2024-11-20T02:01:59.999Z 3  54.01381  6.58555 
2024-11-20T02:32:00.000Z 3  54.01386  6.58484 
2024-11-20T03:01:59.999Z 3  54.01374  6.58463 
2024-11-20T03:31:59.999Z 3  54.01371  6.58459 
2024-11-20T04:02:00.000Z 3  54.01366  6.58452 
2024-11-20T04:31:59.999Z 3  54.01363  6.58450 
2024-11-20T05:01:59.999Z 3  54.01358  6.58446 
2024-11-20T05:32:00.000Z 3  54.01355  6.58446 
2024-11-20T06:01:59.999Z 3  54.01353  6.58444 
2024-11-20T06:31:59.999Z 3  54.01350  6.58446 
2024-11-20T07:02:00.000Z 3  54.01346  6.58448 
2024-11-20T07:31:59.999Z 3  54.01336  6.58457 
2024-11-20T08:01:59.999Z 3  54.01317  6.58504 
2024-11-20T08:32:00.000Z 3  54.01337  6.58607 
2024-11-20T09:01:59.999Z 3  54.01347  6.58617 
2024-11-20T09:31:59.999Z 3  54.01349  6.58620 
2024-11-20T10:02:00.000Z 3  54.01349  6.58622 
2024-11-20T10:31:59.999Z 3  54.01348  6.58624 
2024-11-20T11:01:59.999Z 3  54.01351  6.58622 
2024-11-20T11:32:00.000Z 3  54.01349  6.58624 
2024-11-20T12:01:59.999Z 3  54.01352  6.58622 
2024-11-20T12:31:59.999Z 3  54.01354  6.58615 
2024-11-20T13:02:00.000Z 3  54.01355  6.58609 
2024-11-20T13:31:59.999Z 3  54.01364  6.58600 
2024-11-20T14:01:59.999Z 3  54.01380  6.58579 
2024-11-20T14:32:00.000Z 3  54.01390  6.58536 
2024-11-20T15:01:59.999Z 3  54.01385  6.58489 
2024-11-20T15:31:59.999Z 3  54.01376  6.58472 
2024-11-20T16:02:00.000Z 3  54.01362  6.58457 
2024-11-20T16:31:59.999Z 3  54.01360  6.58452 
2024-11-20T17:01:59.999Z 3  54.01357  6.58450 
2024-11-20T17:32:00.000Z 3  54.01354  6.58446 
2024-11-20T18:01:59.999Z 3  54.01353  6.58442 
2024-11-20T18:31:59.999Z 3  54.01350  6.58446 
2024-11-20T19:02:00.000Z 3  54.01349  6.58446 
2024-11-20T19:31:59.999Z 3  54.01347  6.58448 
2024-11-20T20:01:59.999Z 3  54.01338  6.58457 
2024-11-20T20:32:00.000Z 3  54.01308  6.58530 
2024-11-20T21:01:59.999Z 3  54.01340  6.58607 
2024-11-20T21:31:59.999Z 3  54.01351  6.58611 
2024-11-20T22:02:00.000Z 3  54.01352  6.58615 
2024-11-20T22:31:59.999Z 3  54.01352  6.58620 
2024-11-20T23:01:59.999Z 3  54.01353  6.58620 
2024-11-20T23:32:00.000Z 3  54.01357  6.58620 
2024-11-21T00:01:59.999Z 3  54.01356  6.58620 
2024-11-21T00:31:59.999Z 3  54.01355  6.58620 
2024-11-21T01:02:00.000Z 3  54.01362  6.58615 
2024-11-21T01:31:59.999Z 3  54.01361  6.58607 
2024-11-21T02:01:59.999Z 3  54.01370  6.58600 
2024-11-21T02:32:00.000Z 3  54.01383  6.58579 
2024-11-21T03:01:59.999Z 3  54.01392  6.58523 
2024-11-21T03:31:59.999Z 3  54.01391  6.58495 
2024-11-21T04:02:00.000Z 3  54.01384  6.58482 
2024-11-21T04:31:59.999Z 3  54.01376  6.58467 
2024-11-21T05:01:59.999Z 3  54.01372  6.58467 
2024-11-21T05:32:00.000Z 3  54.01367  6.58457 
2024-11-21T06:01:59.999Z 3  54.01367  6.58454 
2024-11-21T06:31:59.999Z 3  54.01361  6.58452 
2024-11-21T07:02:00.000Z 3  54.01361  6.58450 
2024-11-21T07:31:59.999Z 3  54.01360  6.58450 
2024-11-21T08:01:59.999Z 3  54.01356  6.58452 
2024-11-21T08:32:00.000Z 3  54.01354  6.58459 
2024-11-21T09:01:59.999Z 3  54.01331  6.58542 
2024-11-21T09:31:59.999Z 3  54.01337  6.58600 
2024-11-21T10:02:00.000Z 3  54.01352  6.58611 
2024-11-21T10:31:59.999Z 3  54.01351  6.58613 
2024-11-21T11:01:59.999Z 3  54.01350  6.58615 
2024-11-21T11:32:00.000Z 3  54.01345  6.58624 
2024-11-21T12:01:59.999Z 3  54.01347  6.58620 
2024-11-21T12:31:59.999Z 3  54.01348  6.58617 
2024-11-21T13:02:00.000Z 3  54.01348  6.58620 
2024-11-21T13:31:59.999Z 3  54.01347  6.58615 
2024-11-21T14:01:59.999Z 3  54.01348  6.58613 
2024-11-21T14:32:00.000Z 3  54.01349  6.58613 
2024-11-21T15:01:59.999Z 3  54.01336  6.58602 
2024-11-21T15:31:59.999Z 3  54.01334  6.58579 
2024-11-21T16:02:00.000Z 3  54.01356  6.58463 
2024-11-21T16:31:59.999Z 3  54.01363  6.58463 
2024-11-21T17:01:59.999Z 3  54.01358  6.58457 
2024-11-21T17:32:00.000Z 3  54.01358  6.58454 
2024-11-21T18:01:59.999Z 3  54.01353  6.58452 
2024-11-21T18:31:59.999Z 3  54.01348  6.58450 
2024-11-21T19:02:00.000Z 3  54.01348  6.58448 
2024-11-21T19:31:59.999Z 3  54.01345  6.58448 
2024-11-21T20:01:59.999Z 3  54.01338  6.58452 
2024-11-21T20:32:00.000Z 3  54.01328  6.58459 
2024-11-21T21:01:59.999Z 3  54.01317  6.58506 
2024-11-21T21:31:59.999Z 3  54.01335  6.58598 
2024-11-21T22:02:00.000Z 3  54.01347  6.58609 
2024-11-21T22:31:59.999Z 3  54.01349  6.58615 
2024-11-21T23:01:59.999Z 3  54.01351  6.58620 
2024-11-21T23:32:00.000Z 3  54.01351  6.58622 
2024-11-22T00:01:59.999Z 3  54.01352  6.58624 
2024-11-22T00:31:59.999Z 3  54.01350  6.58624 
2024-11-22T01:02:00.000Z 3  54.01353  6.58620 
2024-11-22T01:31:59.999Z 3  54.01358  6.58615 
2024-11-22T02:01:59.999Z 3  54.01363  6.58611 
2024-11-22T02:32:00.000Z 3  54.01368  6.58605 
2024-11-22T03:01:59.999Z 3  54.01376  6.58590 
2024-11-22T03:31:59.999Z 3  54.01383  6.58577 
2024-11-22T04:02:00.000Z 3  54.01393  6.58542 
2024-11-22T04:31:59.999Z 3  54.01387  6.58493 
2024-11-22T05:01:59.999Z 3  54.01377  6.58467 
2024-11-22T05:32:00.000Z 3  54.01375  6.58469 
2024-11-22T06:01:59.999Z 3  54.01361  6.58465 
2024-11-22T06:31:59.999Z 3  54.01362  6.58454 
2024-11-22T07:02:00.000Z 3  54.01361  6.58452 
2024-11-22T07:31:59.999Z 3  54.01362  6.58457 
2024-11-22T08:01:59.999Z 3  54.01361  6.58465 
2024-11-22T08:32:00.000Z 3  54.01374  6.58482 
2024-11-22T09:01:59.999Z 3  54.01378  6.58562 
2024-11-22T09:31:59.999Z 3  54.01352  6.58611 
2024-11-22T10:02:00.000Z 3  54.01352  6.58613 
2024-11-22T10:31:59.999Z 3  54.01353  6.58624 
2024-11-22T11:01:59.999Z 3  54.01351  6.58624 
2024-11-22T11:32:00.000Z 3  54.01352  6.58620 
2024-11-22T12:01:59.999Z 3  54.01353  6.58620 
2024-11-22T12:31:59.999Z 3  54.01349  6.58620 
2024-11-22T13:02:00.000Z 3  54.01348  6.58620 
2024-11-22T13:31:59.999Z 3  54.01351  6.58617 
2024-11-22T14:01:59.999Z 3  54.01346  6.58613 
2024-11-22T14:32:00.000Z 3  54.01342  6.58615 
2024-11-22T15:01:59.999Z 3  54.01341  6.58611 
2024-11-22T15:31:59.999Z 3  54.01345  6.58609 
2024-11-22T16:02:00.000Z 3  54.01346  6.58600 
2024-11-22T16:31:59.999Z 3  54.01342  6.58579 
2024-11-22T17:01:59.999Z 3  54.01347  6.58504 
2024-11-22T17:32:00.000Z 3  54.01366  6.58469 
2024-11-22T18:01:59.999Z 3  54.01357  6.58459 
2024-11-22T18:31:59.999Z 3  54.01351  6.58457 
2024-11-22T19:02:00.000Z 3  54.01349  6.58452 
2024-11-22T19:31:59.999Z 3  54.01345  6.58450 
2024-11-22T20:01:59.999Z 3  54.01340  6.58454 
2024-11-22T20:32:00.000Z 3  54.01327  6.58463 
2024-11-22T21:01:59.999Z 3  54.01305  6.58519 
2024-11-22T21:31:59.999Z 3  54.01307  6.58557 
2024-11-22T22:02:00.000Z 3  54.01327  6.58602 
2024-11-22T22:31:59.999Z 3  54.01339  6.58611 
2024-11-22T23:01:59.999Z 3  54.01346  6.58615 
2024-11-22T23:32:00.000Z 3  54.01347  6.58633 
2024-11-23T00:01:59.999Z 3  54.01350  6.58633 
2024-11-23T00:31:59.999Z 3  54.01348  6.58633 
2024-11-23T01:02:00.000Z 3  54.01351  6.58630 
2024-11-23T01:31:59.999Z 3  54.01351  6.58628 
2024-11-23T02:01:59.999Z 3  54.01357  6.58626 
2024-11-23T02:32:00.000Z 3  54.01355  6.58624 
2024-11-23T03:01:59.999Z 3  54.01362  6.58617 
2024-11-23T03:31:59.999Z 3  54.01372  6.58609 
2024-11-23T04:02:00.000Z 3  54.01391  6.58579 
2024-11-23T04:31:59.999Z 3  54.01396  6.58517 
2024-11-23T05:01:59.999Z 3  54.01385  6.58474 
2024-11-23T05:32:00.000Z 3  54.01370  6.58450 
2024-11-23T06:01:59.999Z 3  54.01364  6.58442 
2024-11-23T06:31:59.999Z 3  54.01362  6.58439 
2024-11-23T07:02:00.000Z 3  54.01360  6.58435 
2024-11-23T07:31:59.999Z 3  54.01360  6.58433 
2024-11-23T08:01:59.999Z 3  54.01358  6.58431 
2024-11-23T08:32:00.000Z 3  54.01357  6.58435 
2024-11-23T09:01:59.999Z 3  54.01355  6.58433 
2024-11-23T09:31:59.999Z 3  54.01354  6.58439 
2024-11-23T10:02:00.000Z 3  54.01354  6.58444 
2024-11-23T10:31:59.999Z 3  54.01363  6.58457 
2024-11-23T11:01:59.999Z 3  54.01387  6.58523 
2024-11-23T11:32:00.000Z 3  54.01374  6.58609 
2024-11-23T12:01:59.999Z 3  54.01357  6.58622 
2024-11-23T12:31:59.999Z 3  54.01354  6.58624 
2024-11-23T13:02:00.000Z 3  54.01353  6.58626 
2024-11-23T13:31:59.999Z 3  54.01355  6.58630 
2024-11-23T14:01:59.999Z 3  54.01354  6.58626 
2024-11-23T14:32:00.000Z 3  54.01353  6.58628 
2024-11-23T15:01:59.999Z 3  54.01362  6.58620 
2024-11-23T15:31:59.999Z 3  54.01365  6.58622 
2024-11-23T16:02:00.000Z 3  54.01379  6.58605 
2024-11-23T16:31:59.999Z 3  54.01395  6.58575 
2024-11-23T17:01:59.999Z 3  54.01400  6.58545 
2024-11-23T17:32:00.000Z 3  54.01401  6.58532 
2024-11-23T18:01:59.999Z 3  54.01398  6.58502 
2024-11-23T18:31:59.999Z 3  54.01392  6.58478 
2024-11-23T19:02:00.000Z 3  54.01389  6.58467 
2024-11-23T19:31:59.999Z 3  54.01381  6.58457 
2024-11-23T20:01:59.999Z 3  54.01382  6.58454 
2024-11-23T20:32:00.000Z 3  54.01376  6.58454 
2024-11-23T21:01:59.999Z 3  54.01383  6.58472 
2024-11-23T21:31:59.999Z 3  54.01400  6.58538 
2024-11-23T22:02:00.000Z 3  54.01392  6.58592 
2024-11-23T22:31:59.999Z 3  54.01379  6.58613 
2024-11-23T23:01:59.999Z 3  54.01377  6.58611 
2024-11-23T23:32:00.000Z 3  54.01369  6.58624 
2024-11-24T00:01:59.999Z 3  54.01366  6.58626 
2024-11-24T00:31:59.999Z 3  54.01363  6.58626 
2024-11-24T01:02:00.000Z 3  54.01364  6.58624 
2024-11-24T01:31:59.999Z 3  54.01362  6.58628 
2024-11-24T02:01:59.999Z 3  54.01362  6.58626 
2024-11-24T02:32:00.000Z 3  54.01363  6.58628 
2024-11-24T03:01:59.999Z 3  54.01362  6.58626 
2024-11-24T03:31:59.999Z 3  54.01365  6.58624 
2024-11-24T04:02:00.000Z 3  54.01370  6.58622 
2024-11-24T04:31:59.999Z 3  54.01376  6.58617 
2024-11-24T05:01:59.999Z 3  54.01383  6.58602 
2024-11-24T05:32:00.000Z 3  54.01391  6.58596 
2024-11-24T06:01:59.999Z 3  54.01398  6.58581 
2024-11-24T06:31:59.999Z 3  54.01402  6.58551 
