Time	VZMX	dqf_VZMX	fqf_VZMX	VTZM	dqf_VTZM	fqf_VTZM	VH110	dqf_VH110	fqf_VH110	VT110	dqf_VT110	fqf_VT110	VAVH	dqf_VAVH	fqf_VAVH	VAVT	dqf_VAVT	fqf_VAVT	VHZA	dqf_VHZA	fqf_VHZA	VTZA	dqf_VTZA	fqf_VTZA	VZNW	dqf_VZNW	fqf_VZNW	VTZC	dqf_VTZC	fqf_VTZC
202411160000	4.1100	1110000000011110	1	 6.970	1110000000011110	1	2.9081	1110000000011110	1	6.580	1110000000011110	1	2.3350	1110000000011110	1	6.4900	1110000000011110	1	1.5168	1110000000011110	1	5.730	1110000000011110	1	313	1110000000010000	1	0.652	1110000000010100	1
202411160030	3.1400	1110000000011110	1	 7.270	1110000000011110	1	2.6154	1110000000011110	1	6.660	1110000000011110	1	2.0965	1110000000011110	1	6.4500	1110000000011110	1	1.3364	1110000000011110	1	5.350	1110000000011110	1	335	1110000000010000	1	0.588	1110000000010100	1
202411160100	4.3700	1110000000011110	1	 6.800	1110000000011110	1	3.0052	1110000000011110	1	6.730	1110000000011110	1	2.4325	1110000000011110	1	6.7900	1110000000011110	1	1.5496	1110000000011110	1	5.910	1110000000011110	1	304	1110000000010000	1	0.636	1110000000010100	1
202411160130	3.4400	1110000000011110	1	 6.500	1110000000011110	1	2.7612	1110000000011110	1	6.870	1110000000011110	1	2.2213	1110000000011110	1	6.7800	1110000000011110	1	1.4224	1110000000011110	1	5.830	1110000000011110	1	307	1110000000010000	1	0.657	1110000000010100	1
202411160200	4.0300	1110000000011110	1	 7.450	1110000000011110	1	2.8019	1110000000011110	1	6.910	1110000000011110	1	2.2164	1110000000011110	1	6.7600	1110000000011110	1	1.4076	1110000000011110	1	5.780	1110000000011110	1	311	1110000000010000	1	0.619	1110000000010100	1
202411160230	3.8200	1110000000011110	1	 6.050	1110000000011110	1	2.6762	1110000000011110	1	6.920	1110000000011110	1	2.1925	1110000000011110	1	6.7700	1110000000011110	1	1.3624	1110000000011110	1	5.810	1110000000011110	1	308	1110000000010000	1	0.633	1110000000010100	1
202411160300	3.4200	1110000000011110	1	 6.670	1110000000011110	1	2.6715	1110000000011110	1	6.700	1110000000011110	1	2.1560	1110000000011110	1	6.7800	1110000000011110	1	1.3306	1110000000011110	1	5.590	1110000000011110	1	321	1110000000010000	1	0.617	1110000000010100	1
202411160330	3.8700	1110000000011110	1	 7.040	1110000000011110	1	2.7037	1110000000011110	1	6.660	1110000000011110	1	2.1162	1110000000011110	1	6.8000	1110000000011110	1	1.3388	1110000000011110	1	5.590	1110000000011110	1	321	1110000000010000	1	0.651	1110000000010100	1
202411160400	3.4100	1110000000011110	1	 6.680	1110000000011110	1	2.4762	1110000000011110	1	6.480	1110000000011110	1	1.9323	1110000000011110	1	6.5100	1110000000011110	1	1.2075	1110000000011110	1	5.330	1110000000011110	1	337	1110000000010000	1	0.623	1110000000010100	1
202411160430	3.5700	1110000000011110	1	 6.320	1110000000011110	1	2.8680	1110000000011110	1	6.550	1110000000011110	1	2.2784	1110000000011110	1	6.4300	1110000000011110	1	1.4140	1110000000011110	1	5.380	1110000000011110	1	333	1110000000010000	1	0.626	1110000000010100	1
202411160500	3.5200	1110000000011110	1	 6.790	1110000000011110	1	2.5500	1110000000011110	1	6.270	1110000000011110	1	2.0527	1110000000011110	1	6.3800	1110000000011110	1	1.2845	1110000000011110	1	5.080	1110000000011110	1	353	1110000000010000	1	0.639	1110000000010100	1
202411160530	4.1300	1110000000011110	1	 5.830	1110000000011110	1	2.6529	1110000000011110	1	6.250	1110000000011110	1	2.1758	1110000000011110	1	6.2200	1110000000011110	1	1.3866	1110000000011110	1	5.260	1110000000011110	1	340	1110000000010000	1	0.637	1110000000010100	1
202411160600	3.4700	1110000000011110	1	 5.520	1110000000011110	1	2.6347	1110000000011110	1	6.130	1110000000011110	1	2.0990	1110000000011110	1	6.1000	1110000000011110	1	1.3784	1110000000011110	1	5.340	1110000000011110	1	336	1110000000010000	1	0.678	1110000000010100	1
202411160630	3.9800	1110000000011110	1	 6.010	1110000000011110	1	2.6548	1110000000011110	1	6.290	1110000000011110	1	2.0959	1110000000011110	1	6.1700	1110000000011110	1	1.3279	1110000000011110	1	5.050	1110000000011110	1	355	1110000000010000	1	0.630	1110000000010100	1
202411160700	3.0600	1110000000011110	1	 5.930	1110000000011110	1	2.5057	1110000000011110	1	6.130	1110000000011110	1	2.0676	1110000000011110	1	6.1700	1110000000011110	1	1.3485	1110000000011110	1	5.230	1110000000011110	1	343	1110000000010000	1	0.649	1110000000010100	1
202411160730	3.5500	1110000000011110	1	 6.180	1110000000011110	1	2.5517	1110000000011110	1	6.310	1110000000011110	1	2.0426	1110000000011110	1	6.3600	1110000000011110	1	1.2927	1110000000011110	1	5.020	1110000000011110	1	357	1110000000010000	1	0.635	1110000000010100	1
202411160800	3.2000	1110000000011110	1	 6.230	1110000000011110	1	2.4215	1110000000011110	1	6.340	1110000000011110	1	2.0188	1110000000011110	1	6.3100	1110000000011110	1	1.3320	1110000000011110	1	5.170	1110000000011110	1	348	1110000000010000	1	0.644	1110000000010100	1
202411160830	3.5300	1110000000011110	1	 5.340	1110000000011110	1	2.6728	1110000000011110	1	6.170	1110000000011110	1	2.1408	1110000000011110	1	6.0600	1110000000011110	1	1.3600	1110000000011110	1	5.140	1110000000011110	1	349	1110000000010000	1	0.620	1110000000010100	1
202411160900	3.1300	1110000000011110	1	 6.780	1110000000011110	1	2.4267	1110000000011110	1	6.510	1110000000011110	1	1.9514	1110000000011110	1	6.3800	1110000000011110	1	1.2392	1110000000011110	1	5.080	1110000000011110	1	353	1110000000010000	1	0.660	1110000000010100	1
202411160930	3.2200	1110000000011110	1	 5.160	1110000000011110	1	2.5243	1110000000011110	1	6.280	1110000000011110	1	2.0460	1110000000011110	1	6.4100	1110000000011110	1	1.2797	1110000000011110	1	5.200	1110000000011110	1	345	1110000000010000	1	0.661	1110000000010100	1
202411161000	3.2600	1110000000011110	1	 7.580	1110000000011110	1	2.4373	1110000000011110	1	6.650	1110000000011110	1	1.9750	1110000000011110	1	6.2000	1110000000011110	1	1.2751	1110000000011110	1	5.090	1110000000011110	1	351	1110000000010000	1	0.644	1110000000010100	1
202411161030	3.5100	1110000000011110	1	 6.010	1110000000011110	1	2.5176	1110000000011110	1	6.430	1110000000011110	1	2.0576	1110000000011110	1	6.4300	1110000000011110	1	1.3154	1110000000011110	1	5.270	1110000000011110	1	340	1110000000010000	1	0.635	1110000000010100	1
202411161100	3.0300	1110000000011110	1	 6.900	1110000000011110	1	2.3457	1110000000011110	1	6.230	1110000000011110	1	1.9022	1110000000011110	1	6.1900	1110000000011110	1	1.2042	1110000000011110	1	5.120	1110000000011110	1	350	1110000000010000	1	0.676	1110000000010100	1
202411161130	3.1400	1110000000011110	1	 6.590	1110000000011110	1	2.4151	1110000000011110	1	6.800	1110000000011110	1	1.9157	1110000000011110	1	6.5800	1110000000011110	1	1.2194	1110000000011110	1	5.320	1110000000011110	1	337	1110000000010000	1	0.674	1110000000010100	1
202411161200	3.4500	1110000000011110	1	 5.770	1110000000011110	1	2.4313	1110000000011110	1	6.770	1110000000011110	1	1.9451	1110000000011110	1	6.5700	1110000000011110	1	1.2413	1110000000011110	1	5.390	1110000000011110	1	333	1110000000010000	1	0.665	1110000000010100	1
202411161230	3.8700	1110000000011110	1	 6.950	1110000000011110	1	2.3244	1110000000011110	1	6.830	1110000000011110	1	1.8688	1110000000011110	1	6.4900	1110000000011110	1	1.1770	1110000000011110	1	5.230	1110000000011110	1	343	1110000000010000	1	0.655	1110000000010100	1
202411161300	3.4200	1110000000011110	1	 5.980	1110000000011110	1	2.4142	1110000000011110	1	6.830	1110000000011110	1	1.9505	1110000000011110	1	6.7100	1110000000011110	1	1.2676	1110000000011110	1	5.570	1110000000011110	1	322	1110000000010000	1	0.663	1110000000010100	1
202411161330	4.4600	1110000000011110	1	 6.180	1110000000011110	1	2.4493	1110000000011110	1	7.090	1110000000011110	1	1.9485	1110000000011110	1	6.6900	1110000000011110	1	1.2500	1110000000011110	1	5.620	1110000000011110	1	319	1110000000010000	1	0.653	1110000000010100	1
202411161400	3.2500	1110000000011110	1	 6.430	1110000000011110	1	2.1734	1110000000011110	1	6.890	1110000000011110	1	1.7541	1110000000011110	1	6.7200	1110000000011110	1	1.1329	1110000000011110	1	5.600	1110000000011110	1	320	1110000000010000	1	0.686	1110000000010100	1
202411161430	3.2100	1110000000011110	1	 8.780	1110000000011110	1	2.2664	1110000000011110	1	6.890	1110000000011110	1	1.8444	1110000000011110	1	6.8500	1110000000011110	1	1.1500	1110000000011110	1	5.610	1110000000011110	1	319	1110000000010000	1	0.657	1110000000010100	1
202411161500	2.9000	1110000000011110	1	 5.770	1110000000011110	1	2.3516	1110000000011110	1	7.020	1110000000011110	1	1.8893	1110000000011110	1	7.1200	1110000000011110	1	1.1895	1110000000011110	1	5.870	1110000000011110	1	306	1110000000010000	1	0.653	1110000000010100	1
202411161530	3.4400	1110000000011110	1	 6.910	1110000000011110	1	2.1192	1110000000011110	1	6.900	1110000000011110	1	1.7312	1110000000011110	1	6.7500	1110000000011110	1	1.1401	1110000000011110	1	5.720	1110000000011110	1	314	1110000000010000	1	0.662	1110000000010100	1
202411161600	3.6800	1110000000011110	1	 7.180	1110000000011110	1	2.3538	1110000000011110	1	7.180	1110000000011110	1	1.8606	1110000000011110	1	7.0900	1110000000011110	1	1.1858	1110000000011110	1	5.690	1110000000011110	1	315	1110000000010000	1	0.675	1110000000010100	1
202411161630	2.7700	1110000000011110	1	 7.120	1110000000011110	1	2.3063	1110000000011110	1	7.170	1110000000011110	1	1.9180	1110000000011110	1	6.9600	1110000000011110	1	1.2356	1110000000011110	1	5.610	1110000000011110	1	320	1110000000010000	1	0.676	1110000000010100	1
202411161700	2.8900	1110000000011110	1	 6.830	1110000000011110	1	2.3967	1110000000011110	1	6.800	1110000000011110	1	1.9295	1110000000011110	1	6.7300	1110000000011110	1	1.2337	1110000000011110	1	5.370	1110000000011110	1	333	1110000000010000	1	0.663	1110000000010100	1
202411161730	3.2600	1110000000011110	1	 6.720	1110000000011110	1	2.4204	1110000000011110	1	6.730	1110000000011110	1	1.9721	1110000000011110	1	6.4600	1110000000011110	1	1.2761	1110000000011110	1	5.310	1110000000011110	1	338	1110000000010000	1	0.707	1110000000010100	1
202411161800	3.2200	1110000000011110	1	 7.250	1110000000011110	1	2.5609	1110000000011110	1	6.730	1110000000011110	1	2.0778	1110000000011110	1	6.4100	1110000000011110	1	1.3351	1110000000011110	1	5.270	1110000000011110	1	340	1110000000010000	1	0.690	1110000000010100	1
202411161830	3.4300	1110000000011110	1	 6.790	1110000000011110	1	2.5878	1110000000011110	1	6.840	1110000000011110	1	2.0648	1110000000011110	1	6.4600	1110000000011110	1	1.3427	1110000000011110	1	5.410	1110000000011110	1	332	1110000000010000	1	0.708	1110000000010100	1
202411161900	3.5600	1110000000011110	1	 6.000	1110000000011110	1	2.6666	1110000000011110	1	6.630	1110000000011110	1	2.1331	1110000000011110	1	6.6000	1110000000011110	1	1.2935	1110000000011110	1	5.050	1110000000011110	1	356	1110000000010000	1	0.660	1110000000010100	1
202411161930	4.0000	1110000000011110	1	 8.090	1110000000011110	1	2.7934	1110000000011110	1	7.440	1110000000011110	1	2.2263	1110000000011110	1	7.2500	1110000000011110	1	1.4048	1110000000011110	1	5.600	1110000000011110	1	320	1110000000010000	1	0.697	1110000000010100	1
202411162000	3.5600	1110000000011110	1	 8.350	1110000000011110	1	2.4446	1110000000011110	1	7.710	1110000000011110	1	1.9369	1110000000011110	1	7.0700	1110000000011110	1	1.2082	1110000000011110	1	5.420	1110000000011110	1	331	1110000000010000	1	0.728	1110000000010100	1
202411162030	3.3400	1110000000011110	1	10.160	1110000000011110	1	2.6019	1110000000011110	1	7.890	1110000000011110	1	2.0699	1110000000011110	1	7.4000	1110000000011110	1	1.3190	1110000000011110	1	5.570	1110000000011110	1	321	1110000000010000	1	0.725	1110000000010100	1
202411162100	3.7900	1110000000011110	1	 6.420	1110000000011110	1	2.6932	1110000000011110	1	7.660	1110000000011110	1	2.1329	1110000000011110	1	7.3400	1110000000011110	1	1.3492	1110000000011110	1	5.760	1110000000011110	1	310	1110000000010000	1	0.735	1110000000010100	1
202411162130	3.6200	1110000000011110	1	 7.370	1110000000011110	1	2.7463	1110000000011110	1	7.980	1110000000011110	1	2.1932	1110000000011110	1	7.5800	1110000000011110	1	1.3872	1110000000011110	1	5.830	1110000000011110	1	307	1110000000010000	1	0.737	1110000000010100	1
202411162200	4.0800	1110000000011110	1	 8.520	1110000000011110	1	2.8344	1110000000011110	1	8.930	1110000000011110	1	2.2985	1110000000011110	1	8.0000	1110000000011110	1	1.4691	1110000000011110	1	6.120	1110000000011110	1	291	1110000000010000	1	0.765	1110000000010100	1
202411162230	4.2200	1110000000011110	1	 7.790	1110000000011110	1	2.8144	1110000000011110	1	8.490	1110000000011110	1	2.2711	1110000000011110	1	8.1100	1110000000011110	1	1.4228	1110000000011110	1	6.200	1110000000011110	1	288	1110000000010000	1	0.761	1110000000010100	1
202411162300	3.3500	1110000000011110	1	 7.820	1110000000011110	1	2.8053	1110000000011110	1	8.390	1110000000011110	1	2.3577	1110000000011110	1	8.3300	1110000000011110	1	1.4622	1110000000011110	1	6.210	1110000000011110	1	289	1110000000010000	1	0.735	1110000000010100	1
202411162330	3.3900	1110000000011110	1	 7.040	1110000000011110	1	2.8989	1110000000011110	1	9.210	1110000000011110	1	2.3584	1110000000011110	1	8.2200	1110000000011110	1	1.4656	1110000000011110	1	6.150	1110000000011110	1	291	1110000000010000	1	0.730	1110000000010100	1
